Gene	Gene	AACTTGCTACTCTT_7	ACTTAAGATGCAAC_7	AGCATCGAAGATCC_7	CGTCAAGAGGTGAG_7	GACATTCTGACGTT_7	GGATAGCTTTTGGG_7	GTAGTCGATGAAGA_7	GTGGATTGTTCAGG_7	AACGGTTGTTGGCA_8	AAGCGACTGCGTTA_8	AGCAACACCACTAG_8	ATGCGATGTGAGCT_8	CAATGGACTTCACT_8	CACTTTGATGGTTG_8	CTTCTAGAACAGTC_8	TACTCTGACAAAGA_8	TGGATTCTTGTCTT_8	TTATGAGATCTCGC_8	ACGTGATGTCCTAT_9	ATATACGAGACGAG_9	CTTGTATGCTGTAG_9	GAAGTAGAACGTTG_9	GGTATCGACCTGTC_9	TAGTGGTGCCTTTA_9	TCCGAGCTACTGGT_9	TGCAAGTGAGGTTC_9	TGGTATCTGTATCG_9	AACGCAACTTCACT_10	ACGAGTACACAGTC_10	AGGCAACTTAACGC_10	ATATGCCTGGAGCA_10	CCGCGAGAAAGTGA_10	CGATCCACCGTTGA_10	CTATAAGAAGTCGT_10	CTCGAGCTGCAGTT_10	GATATTGATGCACA_10	GGCCGAACTCCGAA_10	TAATCGCTTGAGCT_10	TCATTCGAAGTCTG_10	TCCCGATGATCACG_10	TGAACCGACACAAC_10	TGAGGACTAGCATC_10	TGTGACGATGCTGA_10	TTATCCGATGTCTT_10	TTCATCGAGACAGG_10	AAGATGGACCTATT_11	ATTGCTTGGGTTCA_11	CAGTTTACGGTAAA_11	CCGCGAGACAGTCA_11	CGTTTAACACTCAG_11	GAGGGCCTTTCGTT_11	GCGGACTGTAGCGT_11	TGGAGACTCAGTTG_11	TTATGAGATCGCTC_11	AATGTTGATAACGC_12	CGCAAATGGCTTAG_12	GACAACACATAAGG_12	GACCTCTGATGCCA_12	TATACGCTTTGCGA_12	TATCACTGATAAGG_12	TCGCACACACCTGA_12	TGACGAACCTTGTT_12	
EPHA2	ENSG00000142627	1.01135438590137	0.400819683396376	0.811834054810582	0.501278075436205	0.688825373579713	0	0.908723104081359	0.31324010355738	0	0.472211643044227	0	0	0.509151249271797	0	0	0.227382918498268	0	0.540010354836481	0	0	0.598434888509771	0	0	0	0	0	0.593061591685023	0	0	0	0	0	0	0	0	0.347231625018178	0	0.416476907525679	0	0	0	0	0.406434116621044	0.517171850844315	0.657640492103035	0	0	0	0	0	0	0	1.14202478160342	0	0	0	0.782633824682145	1.07263680226485	0	0.227559605160199	0	0	
IL6R	ENSG00000160712	0	0	0	0	0	0	0	0	0	0	0	0	0	0.513048799267831	0	0.227382918498268	0.388270330852797	0.540010354836481	0	0	0	0	0.76311659972357	0	0	0	0	0	0	0	0	0	0	0	0	0	0	0	0	0	0	0	0	0	0	0	0	0	0.678094604295029	0	0	0	0	0	0	0	0	0	0	0	0	0	
MUC1	ENSG00000185499	0	0	0	0	0.688825373579713	0.53549318674301	0	0.551410694875412	0.701210243996029	1.03340160412526	0.560044696370049	1.40126920242093	0.844905037710115	0.850472314456156	0	0.227382918498268	0	0	1.12695056521155	0.423766272490569	0	0.75755704402766	0	0.475413826183547	0.98860354468388	0	0.962807803795789	1.48900677154602	0.663248587865126	0	1.10128608705251	0.665017681923423	0.368932194895441	0	0	0	0	0.416476907525679	0.475967219745832	0.347097712486488	0	0.358904656962252	0.223725069091954	0	0	0	1.32374843041145	0.563674340201276	0	0.615564934180611	0.395027972418101	0	0	0.697070134844117	0	2.03678531497092	0	0	0.506045095935817	0	0	0	
SELE	ENSG00000007908	0	0	0	0	0	0	0	0	0	0	0	0	0	0	0	0	0	0	0	0	0	0	0	0	0	0	0	0	0	0	0	0	0	0	0	0	0	0	0	0	0	0	0	0	0	0	0	0	0	0	0	0	0	0	0	0	0	0	0	0	0	0	
CR2	ENSG00000117322	0	0	0	0	0	0	0	0	0	0	0	0	0	0	0	0	0	0	0	0	0	0	0	0	0	0	0	0	0	0	0	0	0	0	0	0	0	0	0	0	0	0	0	0	0	0	0	0	0	0	0	0	0	0	0	0	0	0	0	0	0	0	
VIPR1	ENSG00000114812	0	0	0	0	0	0	0	0	0.291721730771806	0	0	0	0	0	0	0	0	0	0	0	0	0.320405493383085	0	0	0	0	0	0.452421916237171	0	0	0	0	0	0	0	0	0	0	0	0	0	0	0	0	0	0	0.866570865018451	0	0	0	0	0	0.537098606824608	0	0	0	0	0	0	0	0	0	
FGFR3	ENSG00000068078	0	0.400819683396376	0	0	0.688825373579713	0.53549318674301	0.554216189597886	0	0	1.03340160412526	0.560044696370049	0	0	0.850472314456156	0.895935161203847	0.227382918498268	0.388270330852797	0.540010354836481	0	0.423766272490569	0	0.562681134971459	0	0.796317094815592	0.351972714405451	1.7399468934154	0.593061591685023	4.03415507037342	0.663248587865126	0.312037897022905	0.695153199286811	0.81508448135375	0.368932194895441	0	0.341825431703418	0.347231625018178	1.03944681986978	0.709619738603594	0.475967219745832	1.36217707368252	0.504792621643175	0.358904656962252	0.812544709143139	0.517171850844315	1.73186132764699	0.869457913704199	0.866570865018451	0.921968104132911	0	0.615564934180611	0.677450340554931	0	0	0.408082120170466	0	1.6945050237907	0	0	0.506045095935817	0.412814400745071	1.35064673409112	0	
PROM1	ENSG00000007062	0	0	0	0	0	0	0	0	0	0	0	0	0	0	0	0	0	0	0	0	0	0	0	0	0	0	0	0	0	0	0	0	0	0	0	0	0	0	0	0	0	0	0	0	0	0	0	0	0	0	0	0	0	0	0	0	0	0	0	0	0	0	
KDR	ENSG00000128052	0	0.400819683396376	0	0	0	0	0	0	0	0	0	0	0	0	0	0	0	0	0	0	0	0	0	0	0	0	0	0	0	0	0	0	0	0	0	0	0	0	0	0	0	0	0	0	0	0	0	0	0	0	0	0	0	0	0	0	0	0	0	0	0	0	
IL6ST	ENSG00000134352	0	0	0	0	0	0	0	0	0	0	0	0	0	0	0	0	0	0	0	0	0	0	0	0	0	0	0	0	0	0.312037897022905	0	0	0	0	0	0	0	0.22976517138501	0	0	0	0	0	0	0	0	0	0	0	0	0	0	0	0	0	0	0	0	0	0.227559605160199	0	0	
PDGFRB	ENSG00000113721	0	0.400819683396376	0	0	0	0	0	0	0	0	0	0	0	0	0	0	0	0	0	0	0	0	0	0	0	0	0	0	0	0	0	0	0	0	0	0	0	0	0	0	0	0	0	0	0	0	0	0	0	0	0	0	0	0	0	0	0	0	0	0	0	0	
FGFR4	ENSG00000160867	0	0	0	0	0	0	0	0	0	0	0	0	0	0	0	0	0	0	0	0	0	0	0	0	0	0	0	0	0	0.312037897022905	0	0	0	0	0	0.347231625018178	0	0	0	0	0	0	0	0	0	0	0	0	0	0	0	0	0	0	0	0	0	0	0	0	0	0	
FLT4	ENSG00000037280	0	0	0	0	0	0	0	0	0	0	0	0	0	0	0	0	0	0	0	0	0	0	0	0	0	0	0	0	0	0	0	0	0	0	0	0	0	0	0	0	0	0	0	0	0	0	0	0	0	0	0	0	0	0	0	0	0	0	0	0	0	0	
EGFR	ENSG00000146648	0	0.400819683396376	0	0	0	0	0	0	0.291721730771806	1.03340160412526	0.560044696370049	0	0	0.513048799267831	0.394207649678764	0	0	0	0	0	0.343330526076853	0	0.999685164179578	0	0	0	0	0	0	0	0	0	0.368932194895441	0	0	0	0.649104479220068	0.22976517138501	0	0.604266760598955	0	0.358904656962252	0	1.31079178857982	0.657640492103035	0.869457913704199	0	0.321038351326094	0	0.615564934180611	0	0	0	0	0.7808337919974	0	0.782633824682145	0	0	0	0.452338651485669	0	
EPHB4	ENSG00000196411	0	0	0.811834054810582	0	0	0	0	0.743626275635296	0	0.472211643044227	0	0.477519080368351	0.509151249271797	0	0.676213109578309	0	0	0	0.527924771760225	0	0	0	0	0	0.351972714405451	0	0	0	0	0	1.10128608705251	0	0	0	0	0	0	0.22976517138501	0	0	0	0.358904656962252	0	0	0	0	0	0	0	0	0	0	0	0.408082120170466	0	0	0	0	0	0	0.762658516640899	0	
MET	ENSG00000105976	0	0	0	0	0	0	0	0	0	0	0	0	0	0.513048799267831	0	0	0	0	0.527924771760225	0	0.343330526076853	0	0	0	0	0	0	0	0	0	0	0	0	0	0	0	0	0	0	0	0	0	0	0	0	0	0	0	0	0	0	0	0	0	0	0	0	0	0	0	0	0	
IL13RA2	ENSG00000123496	0	0	0	0	0	0	0	0	0	0	0	0	0	0	0	0	0	0	0	0	0	0	0	0	0	0	0	0	0	0	0	0	0	0	0	0	0	0	0	0	0	0	0	0	0	0	0	0	0	0	0	0	0	0	0	0	0	0	0	0	0	0	
GPC3	ENSG00000147257	0	0	0	0	0	0	0	0	0	0	0	0.477519080368351	0	0	0.394207649678764	0.568678241035415	0	0.540010354836481	0	0	0	0.320405493383085	0.76311659972357	0	0.351972714405451	0	0	0	0	0.549515196511727	0.695153199286811	0.488385682634042	0	0	0.596101521192176	0	0.649104479220068	0	0	0.347097712486488	0	1.0032171924021	0	0	0	0	0	0.563674340201276	0	0.615564934180611	0.677450340554931	0	0	0	0	0	0	0	0	0.412814400745071	0	0.846232613948256	
FGFR1	ENSG00000077782	0	0	0	0.501278075436205	0	0	0	0	0	0	0	0.477519080368351	0.509151249271797	0	0.394207649678764	0.412520768314853	0	0	0	0	0.343330526076853	0	0	0	0	0	0	0.452421916237171	0	0.741279700728307	0	0	0	0	0	0.347231625018178	0	0	0	0.347097712486488	0	0	0	0	0	1.32740242398066	0.866570865018451	0.563674340201276	0	0.615564934180611	0.395027972418101	0.849820074392691	0	0	0	0	0	0.825074723602493	0	0	0	0	
SDC2	ENSG00000169439	0	0	0	0	0	0	0	0	0.291721730771806	0	0	0	0	0	0.394207649678764	0.227382918498268	0	0	0	0	0	0	0	0	0	0	0	0	0	0.312037897022905	0	0	0	0	0	0	0	0	0	0	0	0	0	0	0	0	0	0	0	0	0.395027972418101	0	0	0	0	0	0	0	0	0	0	0	
CD274	ENSG00000120217	0	0	0	0	0	0	0	0	0	0	0	0.477519080368351	0	0	0	0	0	0	0	0	0	0	0	0	0	0	0	0	0	0	0	0	0	0	0	0	0	0	0	0	0	0	0	0	0	0	0	0	0	0	0	0	0	0	0	0	0	0	0	0	0	0	
TEK	ENSG00000120156	0	0	0	0	0	0	0	0	0	0	0	0	0	0	0	0	0	0	0	0	0	0	0	0	0	0	0	0	0	0	0	0	0	0	0	0	0	0	0	0	0	0	0	0	0	0	0	0	0	0	0	0	0	0	0	0	0	0	0	0	0	0	
IL11RA	ENSG00000137070	0	0	0	0	0	0	0	0	0	0	0	0	0	0	0	0	0	0	0	0	0	0	0	0	0	0	0	0	0	0	0	0	0	0	0	0	0	0	0	0	0	0	0	0	0	0	0	0	0	0	0	0	0	0	0	0	0	0	0	0	0	0	
CD44	ENSG00000026508	1.01135438590137	1.08929975851843	0.811834054810582	1.44789475143138	1.37980462615286	0.303170458535471	0.908723104081359	0.31324010355738	0.990897964822667	1.03340160412526	0	0.477519080368351	1.09582010496335	0	0	0.568678241035415	0	0.888734219858734	0	0.423766272490569	0.801509903088935	0.562681134971459	1.35128277577245	1.23393514482948	0.351972714405451	0	0	0.452421916237171	1.34110442770281	1.27072784947044	2.56864963920439	1.06092766188467	0.368932194895441	1.36449673814952	0	0.347231625018178	0	1.12051594733502	1.03982104563429	0.604266760598955	0	0.830855215138735	0.560861483645652	0.517171850844315	0	0	0	0.758782919037688	1.36362966762804	1.93944828799452	0	0.849820074392691	1.14202478160342	1.10383948191318	0	0	0	0	0.840461518196459	0.412814400745071	0.452338651485669	0.846232613948256	
PTPRJ	ENSG00000149177	0	0	0.811834054810582	0	0	0	0	0	0	0	0	0	0	0	0	0	0	0	0	0	0.343330526076853	0.320405493383085	0	0	0	0	0	0	0	0	0	0	0	0	0	0	0	0	0	0.347097712486488	0	0	0	0	0	0	0	0	0	0	0	0	0	0	0	0	0	0	0	0	0	0	
FOLH1	ENSG00000086205	0	0	0	0	0	0	0	0	0	0	0	0	0	0	0	0	0	0	0	0	0	0	0	0	0	0	0	0	0	0	0	0	0	0	0	0	0	0	0	0	0	0	0	0	0	0	0	0	0	0	0	0	0	0	0	0	0	0	0	0	0	0	
IL10RA	ENSG00000110324	0	0	0	0.501278075436205	0	0	0	0	0	0	0	0.477519080368351	0	0	0	0	0	0	0	0	0	0	0	0	0	0	0	0	0	0	0	0	0	0	0	0	0	0	0	0	0	0	0	0	0	0	0	0	0	0	0	0	0	0	0	0	0	0	0	0	0	0	
MCAM	ENSG00000076706	0	0	0	0	0	0.303170458535471	0	0	0	0	0	0	0	0.513048799267831	0	0	0	0	0	0	0	0	0.76311659972357	0	0	0.776688476137791	0	0.452421916237171	0	0	0	0	0.368932194895441	0	0	0	0	0	0	0	0	0	0	0	0	0	0	0	0	0	0	0	0	0	0	0	0	0	0	0	0	0	
NRP1	ENSG00000099250	0	0	0	0	0	0	0	0	0	0	0	0	0	0	0	0	0	0	0	0	0	0	0	0	0	0	0	0	0	0	0	0	0	0	0	0	0	0	0	0	0	0	0	0	0	0	0	0	0	0	0	0	0	0	0	0	0	0	0	0	0	0	
FGFR2	ENSG00000066468	0	0	0	0	0	0	0	0	0.291721730771806	0.472211643044227	0.916891152186399	0	0	0	0.394207649678764	0.227382918498268	0	0	0.527924771760225	0.423766272490569	0	0	0.452651055135115	0	0	0.776688476137791	0	0.762780615764852	0	0	0	0	0	0	0	0	0.649104479220068	0	0.475967219745832	0	0	0.622467480057431	0	0	0	0.869457913704199	0	0.321038351326094	0	0	0	0	0	0	0	0	0	0	0.506045095935817	0	0	0.846232613948256	
FLT1	ENSG00000102755	0	0	0	0	0	0	0	0	0	0	0	0	0	0	0	0	0	0	0	0	0	0	0	0	0	0	0	0	0	0	0	0	0	0	0	0	0	0	0	0	0	0	0	0	0	0	0	0	0	0	0	0	0	0	0	0	0	0	0	0	0	0	
ANPEP	ENSG00000166825	0	0	0	0	0	0	0	0	0	0	0	0	0	0	0	0	0	0	0	0	0	0	0	0	0	0	0	0	0	0	0	0	0	0	0	0	0	0	0	0	0	0	0	0	0	0	0	0	0	0	0	0	0	0	0	0	0	0	0	0	0	0	
CDH1	ENSG00000039068	0	0	0	0	0	0.303170458535471	0	0	0	0.791667407382096	0	0	0	0	0	0	0	0	0	0	0.343330526076853	0.320405493383085	0	0	0	0.776688476137791	0	0	0	0.312037897022905	0	0.273716228459415	0	0	0.341825431703418	0	0	0.22976517138501	0	0.347097712486488	0.504792621643175	0	0	1.10916706889023	0	0.869457913704199	0.866570865018451	0	0.678094604295029	0	0.677450340554931	0	0	0.408082120170466	0.7808337919974	0.747155927085447	0	0	0	0	0	0	
ERBB2	ENSG00000141736	0.628427879795163	0	0	0	0	0	0	0.31324010355738	0.291721730771806	0	0.560044696370049	0	0.844905037710115	0	0.394207649678764	0.412520768314853	0	0	0	0	0	0.562681134971459	0.452651055135115	0	0	0	0	0.452421916237171	0	0	0	0.273716228459415	0	0	0	0.347231625018178	0	0	0	0.347097712486488	0.8386681021815	0	0	0	0	0	0	0	0	0	0	0	0.537098606824608	0	0	0.747155927085447	0	0	0	0	0	0	
CDH2	ENSG00000170558	0	0	0	0	0	0	0	0	0	0	0	0	0	0	0	0	0	0	0	0	0	0	0	0	0	0	0	0	0	0	0	0	0	0	0	0	0	0	0	0	0	0	0	0	0	0	0	0	0	0	0	0	0	0	0	0	0	0	0	0	0	0	
CD93	ENSG00000125810	0	0	0	0	0	0	0	0	0	0	0	0	0	0	0	0	0	0	0	0	0	0	0	0	0	0	0	0	0	0	0	0	0	0	0	0	0	0	0	0	0	0	0	0	0	0	0	0	0	0	0	0	0	0	0	0	0	0	0	0	0	0	
MMP9	ENSG00000100985	0	0	0	0	0	0.303170458535471	0	0	0	0	0	0	0	0	0	0	0	0	0	0.423766272490569	0	0	0	0	0	0	0	0	0	0.312037897022905	0	0	0	0	0	0.347231625018178	0	0	0	0	0	0	0	0.517171850844315	0	0	0	0.758782919037688	0	0	0	0	0	0	0	0	0	0	0	0	0	0	
APP	ENSG00000142192	1.50377607923877	1.08929975851843	1.55942877599662	1.28185542956762	0.688825373579713	0.723887716885309	0.908723104081359	1.04353978703592	0.856507501128175	1.03340160412526	0	0.799370342760571	0.509151249271797	0.513048799267831	2.10998621301663	2.60344587489074	1.34718181177226	1.52172588777255	0.527924771760225	0.423766272490569	1.62852382399308	0.75755704402766	1.61090237656476	1.39708564219993	0.817843676365186	2.34123657960239	1.76765796876337	0.999287347667143	0	0.902121163549061	1.10128608705251	1.42272665817927	1.30213452767717	1.36449673814952	0.967006003580438	0.347231625018178	0.649104479220068	1.2762129677783	0.79711996143361	1.249824330442	0	0.622467480057431	0.918034271700793	1.62209034583992	2.33236965435157	0.869457913704199	1.87410096760643	1.56560816880261	1.58524381739479	1.65889626189794	0.677450340554931	1.61296723349549	0.537098606824608	0.697070134844117	0.7808337919974	2.03678531497092	1.21623261722988	1.43630478169455	0	1.57546410419472	1.61021550855786	0.846232613948256	
