Gene	Gene	AACTCAGCAAGTTCTG_18	AAGGAGCCAGTTCCCT_18	ACATGGTTCCGGCACA_18	CGTTGGGAGCCGATTT_18	CTACGTCCATGTCCTC_18	CTCAGAAAGGACAGAA_18	CTCGGGAAGATAGCAT_18	GAAACTCAGCTTATCG_18	GATCGATTCGCCATAA_18	GCAAACTCAAGCGCTC_18	GCCAAATTCTGCCCTA_18	TGCGGGTAGGTCGGAT_18	ACACCAAGTTACGGAG_19	AGCGTCGGTTGTCTTT_19	AGGGATGTCTCAACTT_19	AGGTCATTCGGCGCTA_19	ATCATGGAGAAACCTA_19	ATCCGAATCCCTGACT_19	ATCTGCCGTCTTGATG_19	CACAGTAAGAGAGCTC_19	CACCTTGAGATGTAAC_19	CATTATCCAGATCTGT_19	CTAAGACTCCCTAACC_19	CTCCTAGAGCTGGAAC_19	GAGCAGAAGTACACCT_19	GGCGACTCACGACGAA_19	GGGACCTCACCGGAAA_19	TACTCATTCGGCTACG_19	TGACTAGGTATTCTCT_19	TGAGAGGGTACCTACA_19	TGCTACCTCGCCAGCA_19	TGTGGTATCTGAAAGA_19	AACACGTCACCAGTTA_20	AACCGCGTCGGCGCAT_20	AACTCTTTCTTGCATT_20	AACTGGTCACATGGGA_20	ACTTACTTCAGTTCGA_20	AGGCCGTCACGCTTTC_20	AGGCCGTCAGCTGTGC_20	ATAACGCAGAATGTTG_20	CAACCTCTCGCCAGCA_20	CGATGGCAGGCCCTTG_20	GAGGTGATCGAATGCT_20	GCCTCTAAGATGTGTA_20	GTACTTTTCAGTTGAC_20	TGACGGCAGACAGGCT_20	TGACTTTGTGATGTGG_20	TGGCGCAAGAAGATTC_20	
EPHA2	ENSG00000142627	0	0	0	0	0	0	0	0	0	0	0	0	0	0	0	0	0.585555410490095	0	0	0	0	0	0	0	0	0	0	0	0	0	0	0	0	0	0	0	0	0	0	0.733787222205493	0	0	0	0	0	0.619818240597203	0	0	
IL6R	ENSG00000160712	0	0	0	0	0	0	0	0	0	0	0.582223564098183	0	0	0	0	0	0.585555410490095	0	0	0	0	0	0	0.394996357599642	0.834441008969023	0	0	0	0	0.71586328754986	0.859834298513358	0	0	0	0	0.538907230162457	0	1.32923808043307	0	0.733787222205493	0	0	0	0.358657446850693	0.514505851419463	0.619818240597203	0.829347466855935	0	
MUC1	ENSG00000185499	3.05166823677829	2.74862515384328	0	2.13737956447796	0	0	0	0	0	0	0	0	2.48828212228652	1.55760208063515	0	0	2.09972125789232	1.60968684779221	0	0	0	2.66986419775465	0	2.27406401805118	2.81194839540061	0	2.701512640624	2.68775430148231	2.53332557201081	2.58042705444389	3.18499119018366	0	0	0	0	1.90405510428071	0	1.32923808043307	2.03283462619696	2.26836980879517	1.9688156339019	1.85942656011826	0	2.17080244775179	1.47340245011177	2.42507546186752	2.80347389828167	1.59352315606843	
SELE	ENSG00000007908	0	0	0	0	0	0	0	0	0	0	0	0	0	0	0	0	0	0	0	0	0	0	0	0	0	0	0	0	0	0	0	0	0	0	0	0	0	0	0	0	0	0	0	0	0	0	0	0	
CR2	ENSG00000117322	0	0	0	0	0	0	0	0	0	0	0	0	0	0	0	0	0	0	0	0	0	0	0	0	0	0	0	0	0	0	0	0	0	0	0	0	0	0	0	0	0	0	0	0	0	0	0	0	
VIPR1	ENSG00000114812	0	0	0	0	0	0	0	0	0	0	0	0	0	0	0	0	0	0	0	0	0	0	0	0.394996357599642	0	0	0	0	0	0	0.859834298513358	0	0	0	0	0	0	0	0	0	0	0	0	0	0	0	0	0	
FGFR3	ENSG00000068078	0	0.62061255440408	0	0	0	0	0	0	0	0	0	0	0	0	0	0	0.585555410490095	0	0	0	0	0	0	0.394996357599642	0	0.778149987304867	0	0	0	0	0	0	0	0	0	0.538907230162457	0	0	0	0	0	0	0	0.358657446850693	0	0.619818240597203	0	0.502899905182818	
PROM1	ENSG00000007062	0	0	0	0	0	0	0	0	0	0	0	0	0	0	0	0	0	1.17028585578091	0	0	0	0	0	0	0	1.51123411178312	0	0	0	0	0	0	0	0	0	0	0	0	0	0	0	0	0	0	0	0	0	0	
KDR	ENSG00000128052	0	0	0	0	0	0	0.951297663176021	0	0	0	0	0	0	0	0	0	0	0.847475677680404	0	0	0	0	0	0	0	0	0	0	0	0	0	1.5367171160717	0	0	0	0	0	0	0.977921912009649	0	0	0	1.77135981873354	0	0	0	0	1.28482553542992	
IL6ST	ENSG00000134352	1.13819053625148	0	0	0	0	1.05633808448769	1.42986483951633	0.852898718991346	0.721777926611636	1.31441431848941	1.59940194037235	1.16503795368532	1.04383774349838	0	0	1.11708103740762	1.2202293452487	0.847475677680404	0	0	1.64211573737149	0.881503489173525	1.01892847883791	0	0	0.778149987304867	1.14384332779063	1.18878962790455	1.07587367134748	0.529039603602702	0	0	1.25886777432624	1.37115013018755	1.0603927100498	0	0.748425027363723	0	0.977921912009649	0	0.803094155168501	0	0	1.00269795746233	0	0.999594721247266	0.829347466855935	0.835956080748427	
PDGFRB	ENSG00000113721	0	0	0	0	0.969411842596071	0	0	0.514749516136698	1.13660730936558	0	0	0	0	0	0	0	0	0	0	0.786195112814589	0	0	0	0	0	0	0	0	0	0	0	0	1.79887812916272	1.37115013018755	2.28323460959602	0	1.98935102921419	0	0	0	0	0	0	0	0	0	0	0	
FGFR4	ENSG00000160867	0	0	0	0	0	0	0	0	0	0	0	0	0	0	0	0	0	0	0	0	0	0	0	0	0	0	0	0	0	0	0	0	0	0	0	0	0	0	0	0	0	0	0	0	0	0	0	0	
FLT4	ENSG00000037280	0	0	0	0	0	1.55849010427249	0.951297663176021	0	0	1.62606986339941	1.59940194037235	0	0	0	0	0	0	0	0	0	0	0	0	0	0	0	0	0	0	0	0	0.648320050004837	0	0	0	0	0	0	0	0	0	0	0	0	0	0	0	0	
EGFR	ENSG00000146648	0	0	0	0	0.969411842596071	0	0	0	0	0	0	0	0.652350103691644	0	0	0	0	0.847475677680404	0	0	0	0	0	0	0	0.778149987304867	0	0	0	0	0	0	0	0	0	0.538907230162457	0.315702902277097	0	0	0	0	0	0	1.00269795746233	0.852551191742088	0.619818240597203	0	0	
EPHB4	ENSG00000196411	0	0	0	0	0	0	0	0	0	0.859205984864788	0.947800422327004	0	0	0	0	0	0.585555410490095	0	0.816455749079109	0	0	0	0	0.394996357599642	0	0	0	0	0	0	0	0	0	0	0	0	0	0	0	0	0	0	0	0.358657446850693	0.514505851419463	0	0	0	
MET	ENSG00000105976	0	1.27541901550791	0	0	0	0	0	0	0	0	0	0	1.04383774349838	1.05560451231683	0	0	0.585555410490095	0	0	0	0	0.53489185318093	0	0.394996357599642	0.501843213819789	0	0	0	0	0.71586328754986	1.31521134979737	0	0	0	0	0.887177163644134	0	0	0.977921912009649	0	0	0.856546481224865	0	0	0	0	0	0.502899905182818	
IL13RA2	ENSG00000123496	0	0	0	0	0.969411842596071	0	0	0	0	0	0	0	0	0	0	0	0	0	0	0	0	0	0	0	0	0	0	0	0	0	0	0	0	0	0	0	0	0	0	0	0	0	0	0	0	0	0	0	
GPC3	ENSG00000147257	0	0	0	0	0	0	0	0	0	0	0	0	0	0	0	0	0	0	0	0	0	0.881503489173525	0	0.394996357599642	0.834441008969023	0	0	0	0	0.299104627249518	0	0	0	0	0	0	0	0	0	0	0	0	0	0	0	0	0	0	
FGFR1	ENSG00000077782	0	0.62061255440408	0	0	0	0	0.951297663176021	0.852898718991346	0.721777926611636	0	0.947800422327004	0	0	0	0	1.407047903542	0.952420688459789	0	0	0	0	0	1.01892847883791	0	1.08359646566758	0	0	0	0.676141873946016	0	0	0	0	0	0	0	0	0	0	0	0.803094155168501	0	0	0	0	0	0	0.835956080748427	
SDC2	ENSG00000169439	0	0	1.40627215097039	0	0	0	0	2.34421354828827	1.99450091193186	0	0	0	0	0	0.885709609264255	1.81479259694842	0	0	0	1.9423528871293	1.3290338320653	0	2.08950316265288	0.394996357599642	0	0	0	0.761531038629779	0	0	0	0	1.25886777432624	2.28438429835089	1.79730173524207	0	1.88226145954809	0	0	0	0	0	0	0.622087587175056	0.514505851419463	0	0	0	
CD274	ENSG00000120217	0	0	0	0.914464630092924	0	0	0	0	0.721777926611636	0	0	0	0	0	0	0	0	0	0	0	0	0	0	0	0	0	0	0	0	0	0	0	0	0	0	0	0	0	0	0	0	0	0	0	0	0	0	0	
TEK	ENSG00000120156	0	0	0	0	0	0	0	0	0	0	0	0	0	0	0	0	0	0	0	0	0	0	0	0	0	0	0	0	0	0	0	0	0	0	0	0	0	0	0	0	0	0	0.965568661275597	0	0	0	0	0	
IL11RA	ENSG00000137070	0	0	0	0.914464630092924	0	0	0	0.514749516136698	0	0	0	0	0	0	0	0	0	0	0	0	0	0	0	0	0	0	0	0.761531038629779	0	0	0	0	0	0	0	0	0	0	0	0	0	0	0	0	0	0	0	0	
CD44	ENSG00000026508	0	1.0006812064683	0.706509953989306	0.914464630092924	1.77650710215293	0	0	0	1.13660730936558	0	0	0	1.87491840179868	0	0.885709609264255	1.11708103740762	0	0	0	0	0.870747616397524	0.881503489173525	1.01892847883791	1.07756403242279	1.59139167699305	1.21041614827358	1.14384332779063	0	1.58208886130812	0.71586328754986	0	0	1.56488987236393	0	0.814628471089097	0	0.910228888657975	0	0	1.67369211765416	0.803094155168501	0	0	0.358657446850693	0.514505851419463	1.81670264707471	1.58421615845211	0	
PTPRJ	ENSG00000149177	0	0.62061255440408	0	0	0	0	0	0	0	0	0	0	0	0	0	0	0	0	0	0	0	0.53489185318093	0	0	0.501843213819789	0	0	0	0	0.299104627249518	0	0	0	0	0	0	0	0	0	0	0	0	0	0	0	0	0	0	
FOLH1	ENSG00000086205	0	0	0	0	0	0	1.42986483951633	0	0	0	0	0	0	0	0	0	0	0	0	0	0	0	0	0	0	0	0	0	0	0	0	0	0	0	0	0	0	0	0	0	0	0	0.965568661275597	0	0	0	0	0	
IL10RA	ENSG00000110324	0	0	0.706509953989306	0	0	0	0	0	0	0	0	0	0	0	0	0	0	0	0	0	0	0	0	0	0	0	0	0	0	0	0	0	0	0	0	0	0	0	0	0	0	0	0	0	0	0	0	0	
MCAM	ENSG00000076706	0	0	0	0	0	0	2.19113228894535	0	0	0	0	0	0	0	0	0	0	0	0	0	0	0	0	0	0	0	0	0	0	0	0	2.55413973814024	0	0	1.79730173524207	0	2.43310784361764	0	0	0	0	0	2.21171940461553	0	0	0	0	0	
NRP1	ENSG00000099250	0	0	0.706509953989306	0	0	0	0.951297663176021	0.852898718991346	0	0	0	0	0	0	0	0	0	0	0	0.786195112814589	0	0	0	0.394996357599642	0	0	0	0	0	0	0	0	0.815681615635644	0.904193750532881	1.25751536035636	0	0.748425027363723	0	0.977921912009649	0	0	0.856546481224865	1.44752148189061	0	0	0	0	0	
FGFR2	ENSG00000066468	0	0	0	0	0	0	0	0	0	0	0	0	0	0	0	0	0	0	0	0	0	0.53489185318093	0	0	1.28289083926249	0	0.727260808273701	0	0	0.299104627249518	0	0	0	0	0	0	0	0	0	0	0	0	0	0	0	0.619818240597203	0	0.835956080748427	
FLT1	ENSG00000102755	0	0	0	0	0	0	2.19113228894535	0	0	0	0	0	0	0	0	0	0	0	0	0	0	0	0	0	0	0	0	0	0	0	0	2.31483526998905	0	0	0	0	0	0	0	0	0	0	3.29659550915332	0	0	0	0	0	
ANPEP	ENSG00000166825	0	0	0	0	0	0	0	0	0	0	0	0	0	0	0	0	0	0	0	0	0	0	0	0	0	0	0	0	0	0	0	0	0	0	0	0	0.315702902277097	0	0	0	0	0	0	0	0	0	0	0.502899905182818	
CDH1	ENSG00000039068	0	0	0	0	0	0	0	0	0	0	0	0	1.04383774349838	0	0	0	1.43125646415078	0.636135206788353	0	0	0	0.53489185318093	0	0.394996357599642	0.834441008969023	0.778149987304867	0	0	0	0.529039603602702	0	0	0	0	0	0	0	0	0	1.1524400913823	0.803094155168501	1.31103918124792	0	0.830392547903268	0.514505851419463	0.619818240597203	0	0.502899905182818	
ERBB2	ENSG00000141736	0	0.62061255440408	0	0.914464630092924	0	0	0	0	1.13660730936558	0	0	0	0	0	0	0.707030621198177	0.952420688459789	0.636135206788353	0	0	0	0	0	0	0.501843213819789	1.21041614827358	0	0.761531038629779	0.676141873946016	0.299104627249518	0	0	0.815681615635644	0	0	0	0	0.87090911510719	0	0	0	0.856546481224865	0	0.358657446850693	1.10473849841065	0	0	0	
CDH2	ENSG00000170558	0	0	0	0	0	0	0	0	0	0	0	0	0	0	0	0	0	0	0	0	0	0	0	0	0	0	0	0	0	0	0	0	0	0	0	0	0	0	0	0	0	0	0	0	0	0	0	0	
CD93	ENSG00000125810	0	0	0	0	0	0	2.35464640637917	0	0	0.859205984864788	0	0	0	0	0	0	0	0	1.25986163338954	0	0	0	0	0	0	0	0	0	0	0	0	2.11608732499171	0	0	0	0	0	0	0	0	0	0	2.37562030631739	0	0	0	0	0	
MMP9	ENSG00000100985	0	0	0	0	0	0	0	0	0	0	0	0	0	0	0	0	0	0	0	0	0	0	0	0	0	0	0	0	0	0	0	0	0	0	3.37801646092177	0	0	0	0	0	0	0	0	0	0	0	0	0	
APP	ENSG00000142192	0	1.0006812064683	0.706509953989306	1.3840112123785	0	2.77299897384698	3.14617355544663	1.854069678095	1.83903188784027	2.58411569472191	2.82139581514207	1.8741243102388	0.652350103691644	1.05560451231683	1.90193101759176	1.11708103740762	1.2202293452487	0.636135206788353	2.14882780461633	1.22084684200929	0	0.53489185318093	1.01892847883791	0.677402667860482	0.501843213819789	0	0	0.761531038629779	0.676141873946016	0	0	2.85772570048206	1.25886777432624	1.37115013018755	1.79730173524207	0	1.76231289371779	2.07259428822828	0.977921912009649	0	0.803094155168501	0.856546481224865	2.01558582527039	1.00269795746233	1.30596426549939	0.619818240597203	0.829347466855935	0.835956080748427	
