Gene	Gene	CACTAGGACCTTTA_7	GGGACCTGAGCATC_7	TCCTACCTGAGCTT_10	AGCAACACAAGCCT_11	CGACTCACACAGCT_11	TGCAAGACCACAAC_11	
EPHA2	ENSG00000142627	0	0	0.543710983500672	0	0	0	
IL6R	ENSG00000160712	0	0	0	0.669886951273271	0.670819862508329	0	
MUC1	ENSG00000185499	1.91378190340962	2.35174036246296	1.67416152804939	2.78897021892299	2.04003537833613	0	
SELE	ENSG00000007908	0	0	0	0	0	0	
CR2	ENSG00000117322	0	0	0	0	0	0	
VIPR1	ENSG00000114812	0	0.504064930892572	0	0	0	0	
FGFR3	ENSG00000068078	0	0	0	0	0	0	
PROM1	ENSG00000007062	0	0	0	0	0	0	
KDR	ENSG00000128052	0	0	0	0	0	0	
IL6ST	ENSG00000134352	0.674531366780276	0	0.543710983500672	0	0	0	
PDGFRB	ENSG00000113721	0	0	0	0	0	0	
FGFR4	ENSG00000160867	0	0	0	0	0	0	
FLT4	ENSG00000037280	0	0	0	0	0	0	
EGFR	ENSG00000146648	0	0	0	0	0	0	
EPHB4	ENSG00000196411	0	0	0	0	0.670819862508329	0	
MET	ENSG00000105976	0	0	0.543710983500672	0	0	0	
IL13RA2	ENSG00000123496	0	0	0	0	0	0	
GPC3	ENSG00000147257	0.674531366780276	0.283461998700604	0	0	0	0	
FGFR1	ENSG00000077782	0	0	0	0	0	0	
SDC2	ENSG00000169439	0	0	0	0	0.670819862508329	0	
CD274	ENSG00000120217	0	0	0	0	0	0	
TEK	ENSG00000120156	0	0	0	0	0	0	
IL11RA	ENSG00000137070	0	0	0	0	0	0	
CD44	ENSG00000026508	0	0	0.543710983500672	0.669886951273271	1.06873036024489	1.41929546781669	
PTPRJ	ENSG00000149177	0	0	0	0	0	0	
FOLH1	ENSG00000086205	0	0	0	0	0	0	
IL10RA	ENSG00000110324	0	0	0	0	0	0	
MCAM	ENSG00000076706	0	0	0	0.669886951273271	0	0	
NRP1	ENSG00000099250	0	0	0	0	0	0	
FGFR2	ENSG00000066468	0	0	0.543710983500672	0	0	0.486640310547486	
FLT1	ENSG00000102755	0	0	0	0	0	3.47636877674287	
ANPEP	ENSG00000166825	0	0	0	0	0	0	
CDH1	ENSG00000039068	0.674531366780276	0	0	0	0	0	
ERBB2	ENSG00000141736	1.07371338814802	0.504064930892572	0.543710983500672	0	1.06873036024489	0	
CDH2	ENSG00000170558	0	0	0	0	0	0.486640310547486	
CD93	ENSG00000125810	0	0	0	0	0	0	
MMP9	ENSG00000100985	0	0	0	0	0	0	
APP	ENSG00000142192	0	0.504064930892572	0	0.669886951273271	0	0	
