Gene	Gene	AAAGATCTAAGAAC_1	AAATCCCTTGACCA_1	AAATTGACATCGAC_1	ACAGACACAGGTTC_1	ACTTAAGACAAGCT_1	ACTTAGCTCAGTTG_1	ATAATCGATTCGCC_1	ATACCACTACAGTC_1	ATTAGTGAATACCG_1	CAAGCATGGGAGGT_1	CACTATACTTCACT_1	CACTGAGAATGGTC_1	CCCTCAGAGTGTCA_1	CGGATAACAAGGGC_1	CGTAACGAGCTGTA_1	CTCAGCTGGCGTAT_1	CTGTATACGAAAGT_1	GAAGTCTGTAGAGA_1	GAATGCTGTGTAGC_1	GAATTAACAGGAGC_1	GACTGTGACGTGTA_1	GAGTGGGACCCACT_1	GATATCCTGTTGGT_1	GCAGTTGAGAGAGC_1	GCGTATGACTTGGA_1	TCGACGCTGTCCTC_1	TCGAGAACACTCAG_1	TCGCAAGAGAACCT_1	TTGAACCTTGACTG_1	TTGTAGCTCACTTT_1	GAAAGATGCAGTCA_2	ACGCTGCTAACCAC_3	CTCGAGCTTCGCAA_3	GATCCCTGGGGTGA_3	AAATGTTGTGGTCA_4	AACAAACTGGTTAC_4	AAGTATACTGACCA_4	AAGTGCACCGTAGT_4	AATCAAACGCGTTA_4	ACAACCGAATGTGC_4	ACAAGAGAACGTAC_4	ACACGATGAGAATG_4	ACATCACTGTTCAG_4	ACCATTACCAGCTA_4	ACGATCGATGACCA_4	ACGATGACTCCTGC_4	ACGGTAACAGCTAC_4	ACTAAAACGCCTTC_4	ACTAAAACTTCCGC_4	ACTTCCCTGGGTGA_4	AGTCACGAAACCAC_4	AGTTGTCTCTTTAC_4	ATACCTACCGGAGA_4	ATAGGAGAACCATG_4	ATCCCGTGACGTGT_4	ATGCTTTGGCTAAC_4	ATTCGACTTCAGGT_4	CAAAGCTGACTCTT_4	CAAGTCGACTAAGC_4	CAAGTTCTGTCTAG_4	CAGCTAGATCCAGA_4	CATCTTGAGTGTTG_4	CCATGCTGGAGACG_4	CCTACCGACGTTGA_4	CCTGAGCTGGATTC_4	CGACAAACTCGACA_4	CGACCGGAACAGCT_4	CGACCTACCCCGTT_4	CGAGCGTGCTTGCC_4	CGCCTAACAGAGGC_4	CGTCCAACTAAAGG_4	CTAGGATGTGCTGA_4	CTCAGGCTCATGCA_4	CTCGAGCTCACCAA_4	CTGAATCTCGTACA_4	CTGACCACCCATAG_4	CTTCACCTTGCACA_4	GACTTTACCGGAGA_4	GAGGGTGAATGCTG_4	GAGGTTTGCGTCTC_4	GAGTACACGTTTCT_4	GATTGGACCCAACA_4	GCACGTCTTTTACC_4	GCAGGCACTGATGC_4	GCCCAACTGGAAAT_4	GCCTCAACCCACCT_4	GCCTCATGCTACTT_4	GCGAGAGAACTGGT_4	GGAATCTGAAGTAG_4	GGACCCGACATGAC_4	GGCACTCTATTCCT_4	GGCGACTGTTGGTG_4	GGGACCACCTGTGA_4	GGTTTACTCCTCAC_4	GTTATCTGCTGAGT_4	TAATCGCTTAGCGT_4	TACCGAGATGCACA_4	TACTTTCTAAGATG_4	TAGATTGACCAACA_4	TATCTCGAACTCTT_4	TCACGAGACTTTAC_4	TCCCAGACCAACCA_4	TCCCTACTGGAACG_4	TCCTACCTGCTCCT_4	TCGGTAGACAGTCA_4	TCGTTATGGGGACA_4	TCTTCAGACTTAGG_4	TGAACCGACGTGTA_4	TGATCACTGGGACA_4	TGCACAGATTCAGG_4	TTACTCGACTTGCC_4	TTAGCTACCTGACA_4	TTATGGCTTCCAAG_4	TTCACAACCATACG_4	TTCCATGACGGAGA_4	TTTAGCTGATGGTC_4	ACAAGAGAGTCAAC_5	AGACACACCTTCTA_5	ATGAAGGAGTTAGC_5	CACGACCTAAAGCA_5	CTAGAGACTAGAAG_5	GGTATCGACCATAG_5	TTACGACTTTTCAC_5	
EPHA2	ENSG00000142627	0	0	0	0	0	0	0	0	0	0	0	0	0	0	0	0	0	0	0	0	0	0	0	0	0	0	0	0	0	0	0	0	0	0	0	0	0	0	0	0	0	0	0	0	0	0.628427879795163	0	0	0	0	1.3580244448345	0	0	0	0	0	0	0	0	0	0	0	0	0	0	0	0	0	0	0	0	0	0	0	0	0	0	0	0	0	0	0	0	0	0	0	0	0	0	0	0	0	0	0	0	0	0	0	0	0	0	0	0	0	0	0	0	0	0	0	0	0	0	0	0	0	0	0	0	0	0	0	0	
IL6R	ENSG00000160712	0	0.320685300150359	0	0	0	0	0.44654600522058	0	0	0	0	0	0	0.948139219692247	0	0.43422993186865	0.457475510975085	0	0.383060143223239	0	0	0	0	0	0	0	0.401979085826081	0	0	0	0.39359466873222	0	0	0	0	0	0	0	0.727316076175195	0	0	0	0	0	0	0	0	0.50390927578298	0	0	0	0.500458371564926	0	0	0	0	0	0.719987447741137	0	0	0	0	0	0	0	0	0	0	0	0.383863952871531	0	0	0	0	0.659393709311521	0	0	0	0	0	0	0	0	0	0	0	0	0	0	0	0	0	0	0	0	0	0	0	0	0	0	0	0	0	0.859323719465657	0	0	0	0	0	0	0	0	0	0	0	0	0	0	0	0	0	0	
MUC1	ENSG00000185499	0	0	0	0	0	0	0.44654600522058	0	0	0	0	0	0	0	0	0	0	0	0	0	0.49174224994013	0	0	0	0	0	0	0	0	0	0	0	0	0	0	0	0	0	0	0	0	0	0	0	0	0	0	0	0	0	3.34782423018712	0	0	2.36300138808096	2.28923560177334	2.80505290599323	0	0	0.737181798479825	0	0	0	0	0	0	0	0	0	0	0	0	0	0	0	0	0.457496807921558	0	0	0	0	0	0	0	0	0	0	0	0	0	0	0	0	0	0	0	0	0	0	3.05328633842428	0	0	0	0	0	0	0	0	0	0	0	0	0	0	0	0	0	0	0.84859519911729	0	0.376793357217177	0	0	0	
SELE	ENSG00000007908	0	0	0	0	0	0	0	0	0	0	0	0	0	0	0	0	0	0	0	0	0	0	0	0	0	0	0	0	0	0	0	0	0	0	0	0	0	0	0	0	0	0	0	0	0	0	0	0	0	0	0	0	0	0	0	0	0	0	0	0	0	0	0	0	0	0	0	0	0	0	0	0	0	0	0	0	0	0	0	0	0	0	0	0	0	0	0	0	0	0	0	0	0	0	0	0	0	0	0	0	0	0	0	0	0	0	0	0	0	0	0	0	0	0	0	0	0	0	0	0	0	0	0	
CR2	ENSG00000117322	0	0	0	0	0	0	0	0	0	0	0	0	0	0	0	0	0	0	0	0	0	0	0	0	0	0	0	0	0	0	0	0	0	0	0	0	0	0	0	0	0	0	0	0	0	0	0	0	0	0	0	0	0	0	0	0	0	0	0	0	0	0	0	0	0	0	0	0	0	0	0	0	0	0	0	0	0	0	0	0	0	0	0	0	0	0	0	0	0	0	0	0	0	0	0	0	0	0	0	0	0	0	0	0	0	0	0	0	0	0	0	0	0	0	0	0	0	0	0	0	0	0	0	
VIPR1	ENSG00000114812	0	0	0	0	0	0	0	0	0	0	0	0	0	0	0	0	0	0	0	0	0	0	0	0	0	0	0	0	0	0	0	0	0	0	0	0	0	0	0	0	0	0	0	0	0	0	0	0	0	0	0	0	0	0	0	0	0	0	0	0	0	0	0	0	0	0	0	0	0	0	0	0	0	0	0	0	0	0	0	0	0	0	0	0	0	0	0	0	0	0	0	0	0	0	0	0	0	0	0	0	0	0	0	0	0	0	0	0	0	0	0	0	0	0	0	0	0	0	0	0	0	0	0	
FGFR3	ENSG00000068078	0	0	0	0	0	0	0	0	0	0	0	0	0	0	0	0	0	0	0	0	0	0	0	0	0	0	0	0	0	0	0	0	0	0	0	0	0	0	0	0	0	0	0	0	0	0	0	0	0	0	0	0	0	0.674106387705516	0	0	0	0	0	0	0	0	0	0	0	0	0	0	0	0	0	0	0	0	0	0	0	0	0	0	0	0	0	0	0	0	0	0	0	0	0	0	0	0	0	0	0	0	0	0	0	0	0	0	0	0	0	0	0	0	0	0	0	0	0	0	0	0	0	0	0	0	0	
PROM1	ENSG00000007062	0	0	0	0	0	0	0	0	0	0	0	0	0	0	0	0	0	0	0	0	0	0	0	0	0	0	0	0	0	0	0	0	0	0	0	0	0	0	0	0	0	0	0	0	0	0	0	0	0	0	0	0	0	0	0	0	0	0	0	0	0	0	0	0	0	0	0	0	0	0	0	0	0	0	0	0	0	0	0	0	0	0	0	0	0	0	0	0	0	0	0	0	0	0	0	0	0	0	0	0	0	0	0	0	0	0	0	0	0	0	0	0	0	0	0	0	0	0	0	0	0	0	0	
KDR	ENSG00000128052	0	0	0	0	0	0	0	0	0	0	0	0	0	0	0	0	0	0	0	0	0	0	0	0	0	0	0	0	0	0	0	0	0	0	0	0	0	0	0	0	0	0	0	0	0	0.628427879795163	0	0	0	0	0	0	0	0	0	0	0	0	0	0	0	0	0	0	0	0	0	0	0	0	0	0	0	0	0	0	0	0	0	0	0	0	0	0	0	0	0	0	0	0	0	0	0	0	0	0	0	0	0	0	0	0	0	0	0	0	0	0	0	0	0	0	0	0	0	0	0	0	0	0	0	0	0	
IL6ST	ENSG00000134352	0.581179485457225	0	0	0	0	0	0.44654600522058	0	0	0	0	0	0	0	0	0.43422993186865	0	0	0	0	0	0.765507960622831	0	0	0	0	0	0	0	0	0	0.426094153190795	0.526219000838714	0	0	0	0	0.778086323264367	0	0	0	0	0	0	0	0.628427879795163	0	0	0	0	0	0	0	0	0	0.55355529175207	0	0	0	0	0	0	0	0.438368509215109	0	0	0	0	0	0	0	0	0	0	0.659393709311521	0	0	0	0	0	0.929326184775751	0	0	0	0	0	0	0	0	0	0	0.856468524793428	0	0	0	0	0	0	0	0	0.533868375049201	0.377210440450565	0	0	0.519258885959951	0	0	0	0	0	0	0	0	0	0	0	0	0.511733937570692	0.572727312411143	0.376793357217177	0	0.402274099737659	0	
PDGFRB	ENSG00000113721	1.21326118540067	0	0	0	0.566296650926255	0	0	0	0	0	0	0.777577404412528	0	0	1.10478349151056	0	0	0.754540268793794	0	0	0	1.90960639652424	0	0	0	0	0	0	0	0	0	0	0	0	0	0.964713487142357	0.706509953989306	0	0	0.933567498834603	0	0	0	0	0	0	0	0	0	0	0	0	0	0	0	0	0	0	0	0	0	0	0.396726871874089	0	0	0	0	0	0	0	1.33026039973902	0	0.413246984096257	0	0	0	0	0	0	0	0	0	0	0	0	0	0	0	0	0	0	0.856468524793428	0	0	0	0	0	0	0	0	0	0	0	0	0	0	0	0	0	0	0	0	0	0	0	0	0	0.511733937570692	0	0	0	0	1.07124707440253	
FGFR4	ENSG00000160867	0	0	0	0	0	0	0	0	0	0	0	0	0	0	0	0	0	0	0	0	0	0	0	0	0	0	0	0	0	0	0	0	0	0	0	0.594441066508732	0	0	0	0	0	0	0	0	0	0	0	0	0	0	0	0	0	0	0	0	0	0	0	0	0	0	0	0	0	0	0	0	0	0	0	0	0	0	0	0	0	0	0	0	0	0	0	0	0	0	0	0	0	0	0	0	0	0	0	0	0	0	0	0	0	0	0	0	0	0	0	0	0	0	0	0	0	0	0	0	0	0	0	0	0	0	0	
FLT4	ENSG00000037280	0	0	0	0	0	0	0	0	0	0	0	0	0	0	0	0	0	0	0	0	0	0	0	0	0	0	0	0	0	0	0	0	0	0	0	0	0	0	0	0	0	0	0	0	0	0	0	0	0	0	0	0	0	0	0	0	0	0	0	0	0	0	0	0	0	0	0	0	0	0	0	0	0	0	0	0	0	0	0	0	0	0	0	0	0	0	0	0	0	0	0	0	0	0	0	0	0	0	0	0	0	0	0	0	0	0	0	0	0	0	0	0	0	0	0	0	0	0	0	0	0	0	0	
EGFR	ENSG00000146648	0	0	0	0	0	0	0	0	0	0	0	0	0	0	0	0	0	0	0	0	0	0	0	0	0	0	0	0	0	0	0	0	0	0	0	0	0	0	0	0	0	0	0	0	0	0	0	0	0	0	0	0	0	0	0	0	0	0	0	0	0	0	0	0	0	0	0	0	0	0	0	0	0	0	0	0	0	0	0	0	0	0	0	0	0	0	0	0	0	0	0	0	0	0	0	0	0	0	0.723851232178156	0	0	0	0	0	0	0	0	0	0	0.680251368219615	0	0	0	0	0	0	0	0	0	0.376793357217177	0	0	0	
EPHB4	ENSG00000196411	0	0	0	0	0	0	0	0	0	0	0	0	0	0	0	0	0	0	0	0	0	0.765507960622831	0	0	0	0	0	0	0	0	0	0	0	0	0	0	0	0	0	0	0	0	0	0	0	0	0	0	0	0	0	0	0	0	0	0	0	0	0	0	0	0	0	0	0	0	0	0	0	0	0	0	0	0	0	0	0	0	0	0	0	0	0	0	0	0	0	0	0	0	0	0.856468524793428	0	0	0	0	2.94381247663265	0	0	0	0	0	0	0	0	0	0	0	0	0	0	0	0	0	0	0	0	0	0	0	0	0	0	
MET	ENSG00000105976	0	0	0	0	0	0	0	0	0	0	0	0	0	0	0	0	0	0	0	0	0	0	0	0	0	0	0	0	0	0	0	0	0	0	0	0	0	0	0	0	0	0	0	0	0	0	0	0	0	0	0	0	0	0	0	0	0	0	0	0	0	0	0	0	0	0	0	0	0	0	0	0	0	0	0	0	0	0	0	0	0	0	0	0	0	0	0	0	0	0	0	0	0	0	0	0	0	0	0	0	0	0	0	0	0	0	0	0	0	0	0	0	0	0	0	0	0	0	0	0	0	0	0	
IL13RA2	ENSG00000123496	0	0	0	0	0	0	0	0	0	0	0	0	0	0	0	0	0	0	0	0	0	0	0	0	0	0	0	0	0	0	0	0	0	0	0	0	0	0	0	0	0	0	0	0	0	0	0	0	0	0	0	0	0	0	0	0	0	0	0	0	0	0	0	0	0	0	0	0	0	0	0	0	0	0	0	0	0	0	0	0	0	0	0	0	0	0	0	0	0	0	0	0	0	0	0	0	0	0	0	0	0	0	0	0	0	0	0	0	0	0	0	0	0	0	0	0	0	0	0	0	0	0	0	
GPC3	ENSG00000147257	0	0	0	0	0	0	0	0	0	0	0.436502082103741	0	0.424295558489741	0	0.697779149369195	0	0	0	0	0	0	0	0	0	0	0	0	0	0	0	0	0	0	0	0	0	0	0	0	0	0	0.757597170866597	0	0	0	0	0	0	0	0	0	0	0	0	0.591184531094342	0.55355529175207	0.536095906149401	0	0	0	0	0	0	0	0	0	0	0	0	0	0	0	0	0	0	0	0	0	0	0	0	0	0.462122984403876	0.544834369464404	0	0	0	0	0	0	0	0	0	0	0	0	0	0	0	0	0	0	0	0	0	0	0	0	0	0.680251368219615	0	0	0	0	0	0	0	0	0	0	0	0	0.672693794646323	
FGFR1	ENSG00000077782	0	0	0	0	0	0	0	0	0	0	0	0	0	0	1.10478349151056	0	0	0	0	0	0	0	0	0	0	0	0	0	0	0	0	0	0	0	0	0	0	0	0	1.19856343271331	0	0	0	0	0	0	0	0	0	0	0	0	0	0	0	0	0	0	0	0	0	0	0.396726871874089	0	0	0	0	0	0	0	0.871717564344285	0	0	0	0	0	0	0	0	0	0.929326184775751	0	0	0	0	0	0	0	0	0	0	0.856468524793428	0	0	0.761713635538117	0	0	0	0	0	0	0	0	0	0	0	0	0	0	0	0	0	0.875293774533053	0	0	0	0.663750871003644	0.511733937570692	0	0.649825267066065	0	0	0	
SDC2	ENSG00000169439	0	0	0.625019115684544	0	0	0	0	0	0	2.28324967699101	0	1.51040875805983	0	0	1.10478349151056	0	1.4997302519039	0.754540268793794	0	0	0.49174224994013	1.49296224491618	0	1.1261520480436	0	0	0.687913579388775	0	0	0	0.39359466873222	0.426094153190795	0	1.75064526914448	0	0.594441066508732	0.706509953989306	0	0	0.571986718246761	0.800382317707374	0	0	0.436385966319639	0	0	0.389695319628517	0	0	1.48686163602963	0	0	1.07326980181757	1.07314313651703	0	0.55355529175207	0	0	0.737181798479825	0	0	0.495697329037755	0	0	0	0	1.00496133694413	0	0	1.45292912767947	0.871717564344285	0	0.413246984096257	0	0	0.457496807921558	0	0	1.03229481001264	0	0	0	1.01607147288136	0	0.492855064580124	1.47297471753856	0	1.84291323753895	0	0.648929991901209	0	1.31094021141493	0	0	2.51926265517328	1.71079313762346	2.23025094024828	1.0242754343282	0.723851232178156	0	1.34079178816533	0.864843080767922	0	1.72292268664637	0	0	0	0	1.10749047450634	1.3668877384202	0	0	0	0	0.792427360314411	1.24822797463928	0.663750871003644	0	0	0	2.4394505863867	0	2.44708328394815	
CD274	ENSG00000120217	0	0.320685300150359	0	0	0	0	0	0	0.464000228297797	0	0.436502082103741	0	0	0	0	0	0	0	0	0.93216468733008	0.49174224994013	0	0	0	0	0	0	0	0	0	0	0	0	0	0	0	0	0	0	0	0	0	0	0.436385966319639	0	0	0	0	0	0	0	0	0.674200779475228	0	0	0	0	0	0.737181798479825	0	0	0	0	0	0	0	0	0	0	0	0	0	0.413246984096257	0.473099256316715	0	0	0	0	0	0	0	0	0	0	0	0	0	0	0.793719489657369	0	0	0	0	0	0	0	0	0	0	0	0	0	0	0	0	0	0	0	0	0	0	0	0	0	0.472734696436019	0	0	0	0	0	0	0	0	
TEK	ENSG00000120156	0	0	0	0	0	0	0	0	0	0	0	0	0	0	0	0	0	0	0	0	0	0.765507960622831	0	0	0	0	0	0	0	0	0	0	0	0	0	0	0	0	0	0	0	0	0	0	0	0	0	0	0	0	0	0	0	0	0	0	0	0	0	0	0	0	0	0	0	0	0	0	0	0	0	0	0	0	0	0	0	0	0	0	0	0	0	0	0	0	0	0	0	0	0	0	0	0	0	0	0	0	0	0	0	0	0	0	0	0	0	0	0	0	0	0	0	0	0	0	0	0	0	0	0	0	0	
IL11RA	ENSG00000137070	0	0	0	0	0	0	0	0	0	0	0	0	0	0	0	0	0	0	0	0	0	0	0	0	0	0	0	0	0	0	0	0	0	0	0	0	0	0	0	0	0	0	0	0	0	0	0	0	0	0	0	0	0	0.674106387705516	0	0.55355529175207	0	0	0	0	0	0	0	0	0	0	0	0	0	0	0	0	0	0	0	0	0	0	0	0	0	0.65389693032655	0	0	0.492855064580124	0	0	0	0	0	0	0	0	0	0	0.448951425724954	0	0	0	0	0	0.377210440450565	0	0.765569484193791	0	0	0	0	0.854912549618112	0	0	0	0.875293774533053	0	0	0	0	0	0	0	0	0	0	
CD44	ENSG00000026508	0	0.563120306955539	2.35622996600174	0.589569991277547	0	0.482237163009503	0.754152518292421	1.31531105620893	1.01930569909525	2.8589120040891	1.45482010659111	0	2.49310454952002	1.21531445688914	0	1.56995180245663	1.4997302519039	0	1.20412215836997	2.24812980160186	2.22539231769256	0.765507960622831	0.858069645444826	2.38856968755308	0.552144510070435	1.16295490894464	2.18790137594978	1.19153545698692	0	1.84593897986815	2.31882180976332	0.426094153190795	0.526219000838714	1.51923698653773	0.506752406115782	1.77021354495319	0.706509953989306	1.21033350690396	2.36327262569723	1.72823404385296	1.40265476860561	2.18964160261176	1.62116698994764	1.68210204657555	1.19416181494153	0.628427879795163	0.887723575030635	0.837402656663622	1.2048415045529	1.48686163602963	0	1.44630370060361	1.9132074025089	0.674106387705516	0.960213114735915	0	0.536095906149401	1.42628935835248	2.97198400455367	1.03200397668441	2.29151167366215	1.57894893758137	0.680011024604769	0.974758929200637	1.47453150890711	1.18831353218508	1.4959563550837	0.981593784356523	0	1.55678912006325	0.871717564344285	0.532587390824883	1.1141159503646	2.30999856153725	1.55487159880634	1.20010176425163	0.598066182088167	0.816455749079109	1.85980797768796	0.571281620232196	0	1.54587608481175	1.63160708069923	1.53074394953476	1.4314866886164	1.79894827174459	0	1.51364750395373	1.76583101120882	1.7169391879208	0.514559978758583	0	1.41111741453427	1.62073290948087	1.71699539633934	0.757687472535185	0	1.0242754343282	0	1.14865072751068	1.99465327764232	2.22438574882019	0.790448085557932	1.82066813086218	1.31456367796383	1.04836955675297	1.03744281892575	1.52351005042055	1.4765741603042	1.77017312206755	1.69102867798355	1.15960162109072	1.33478005597558	2.03507246327326	1.53174748654131	2.13446111674881	1.74227429204333	0	1.19975052848646	1.04042239022042	0.573977309913435	0.68835684141278	0.672693794646323	
PTPRJ	ENSG00000149177	0.946351373182774	0	0	0.589569991277547	0	0	0	0	0	0.461992590629075	0	0	0	0.582467737632298	0	0.43422993186865	0.770182340289079	0	0	0	0	0	0	0	0	0	0	0	0	0.367765810395405	0	0	0	0.333988031026356	0	0	0	0	0	0	0	0	0	0	0	0	0	0	0.38338720954852	0	0.893739095543858	0	0	0	0	0	0	0	0	0	0.747272886150592	0	0	0	0	0	0	0	0	0	0	0.532587390824883	0.413246984096257	0	0	0	0.598066182088167	0	0	0	0	0	0	0	0	0	0	0	0	0	0	0	0	0	0	0	0	0	0.723851232178156	0	0	0.377210440450565	0	0	0.519258885959951	0	0	0	0	0	0	0.436424664607683	0	0.605190355830418	0	0	0	0.511733937570692	0	0.376793357217177	0	0	0	
FOLH1	ENSG00000086205	0	0	0	0	0	0	0	0	0	0	0	0	0	0	0	0	0	0	0	0	0	0	0	0	0	0	0	0	0	0	0	0	0	0	0	0	0	0	0	0	0	0	0	0	0	0	0	0	0	0	0	0	0	0	0	0	0	0	0	0	0	0	0	0	0	0	0	0	0	0	0	0	0	0	0	0	0	0	0	0	0	0	0	0	0	0	0	0	0	0	0	0	0	0	0	0	0	0	0	0	0	0	0	0	0	0	0	0	0	0	0	0	0	0	0	0	0	0	0	0	0	0	0	
IL10RA	ENSG00000110324	0	0.758099132291363	0.625019115684544	0.957979820239382	0	0	0.44654600522058	0	0	0	0	0	0.424295558489741	0.948139219692247	0	0.43422993186865	0.457475510975085	0	0.383060143223239	0.570979981614327	0.49174224994013	0	0.858069645444826	0	1.16655810912996	0.974382221989945	1.09162804922859	0	0	0	0.39359466873222	0	0	0.583919673816432	0	0.594441066508732	0	0.778086323264367	0.727316076175195	0	0.800382317707374	0	0	0.739177167765872	0.56924356566665	0	0	0	0	0	0	0	0	0	0	0	0.536095906149401	0	0	0	1.1701478865815	0	0.396726871874089	0	0	0.924666840159571	0	0	0	0.383863952871531	0	0	0	0.792956928974258	1.3352270754199	0.770213496048653	0	0	1.03229481001264	0	0	1.04592864000244	0.462122984403876	0	0.82152566113061	0	0	0.634361707114191	0	0	0	0	0	0	0	0.993253871780509	0	0.637918985727698	0	0	1.34079178816533	0.377210440450565	0	0.765569484193791	0	0.480983890830077	0	0.46878435863731	0.516161988305306	0	1.06348710303998	0	0	0.605190355830418	0	1.0519128451317	0	0	0	0	0	0.68835684141278	0	
MCAM	ENSG00000076706	0	0	0	0	0	0	0	0	0	0	0.436502082103741	0	0	0	0	0	0	0	0	0	0	0	0	0	0	0	0	0	0	0	0	0	1.49573242484409	0	0	0	0	0	0	0	0	0	0	0	0	0	0	0	0	0	0	0	0	0	0	0	0	0	0	0	0	0	0	0	0	0	0	0	0	0	0	0	0	0	0	0.457496807921558	0	0	0	0	0	0	0	0	0	0	0	0	0	0	0	0	0	0	0	0	0	0	0	0	0	0	0	0	0	0	0	0	0	0	0	0	0	0	0	0	0	0	0	0	0	0	2.36039043286559	
NRP1	ENSG00000099250	0	0	0.625019115684544	0	0	0.482237163009503	0	0	0	0	0	0.777577404412528	0	0.582467737632298	0	0	0	0.754540268793794	0	0.93216468733008	0.49174224994013	0.765507960622831	0	0.419329789593387	0	0	0.401979085826081	0.453005643567749	0	0	0	0	0.526219000838714	0.950153158843531	0	0.594441066508732	0	0	1.14391620297351	0	0	0	0	0.436385966319639	0	0	0	0	0.38338720954852	0	0	0.500458371564926	0	0.674106387705516	0	0	0	0	0	0	0.747272886150592	0	0.396726871874089	0	0	0	0	0.981593784356523	0.686170925860885	0	0	0	0	0	0	0	0	0	0	0	0	0	0	0	0.492855064580124	0	0	0	0	0	0	0	0.936198224703182	0	0	0	0	0	0	0	0	0.377210440450565	0	0	0	0.480983890830077	0	0.46878435863731	0.516161988305306	0	0	0.436424664607683	0	0	0	0	0	0	0	0	0	0	0	
FGFR2	ENSG00000066468	0	0	0	0	0	0	0	0	0	0	0	0	0	0	0	0	0.457475510975085	0	0	0	0	0	0	0	0	0	0	0	0	0	0	0.426094153190795	0	0	0	0	0	0	0	0	0	0	0	0	0	0	0	0	0	0	0	0	0	0	0	0	0	0	0	0	0	0	0	0	0	0	0	0	0	0	0	0	0	0	0	0	0	0	0	0	0	0	0	0	0	0	0	0	0	0	0	0	0	0	0	0	0	0	0	0	0	0	0	0	0	0	0	0	0	0	0	0	0	0	0	0	0	0	0	0	0	0	0	
FLT1	ENSG00000102755	0	0	0	0	0	0	0	0	0	0	0	0	0	0	0	0	0	0	0	0	0	0.765507960622831	0	0.419329789593387	0	0	0	0	0	0	0	0	1.12413783130675	0	0	0	0	0	0	0	0	0	0	0.436385966319639	0	0	0	0	0	0	0	0	0	0	0	0	0	0	0	0	0	0	0	0	0	0	0	0	0	0	0	0	0	0	0	0	0	0	0	0	0	0	0	0	0	0	1.22959455885427	0	0	0	0	0	0	0	0	0	0	0	0	0	0	0	0	0	0	0	0	0	0	0	0	0	0	0	0	0	0	0	0	0	0	0	0	
ANPEP	ENSG00000166825	0	0	0.625019115684544	0.589569991277547	0	0	0	0.51967283735747	0	0.461992590629075	0.436502082103741	0	0	0	1.10478349151056	0.43422993186865	0.770182340289079	0	0	0	0	0	0	0	0	0.741788090411526	0	0	0	0	0	0	0	0.583919673816432	0	0	0	0	0	0	0.478217290482098	0	0	0	0	0	0	0	0	0	0	0	0	0	0	0	0	0	0	0	0	0.495697329037755	0.396726871874089	0	0	0	0	0	0	0.660567911142264	0	0	0	0.473099256316715	0	0	0	0	0	0	0.929326184775751	0.65389693032655	0	0	0	0	0	0	0	0	0	0	0	0	0	0	0	0.637918985727698	0	0.541148118861759	1.13672708032321	0.377210440450565	0	0.454324648132271	0	0	0	0.786683384016412	0	0	0	0	0	0	0	0.483068451867547	0	0	0.572727312411143	0	0	0.402274099737659	0.672693794646323	
CDH1	ENSG00000039068	0.581179485457225	0	0	0	0	0	0	0	0	0	0	0	0	0	0	0	0	0	0	0	0	0	0	0	0	0	0	0	0	0	0	0	0	0	0	0	0	0	0	0	0	0	0	0	0	0	0	0	0	0	0	0	0	0	0	0	0	0	0	0	0	0	0	0	0	0	0	0	0	0	0	0	0	0	0	0	0	0	0	0	0	0	0	0	0	0	0	0	0	0	0	0	0	0	0	0	0	0	0.723851232178156	0	0	0	0	0	0	0	0	0	0	0	0	0	0	0	0.472734696436019	0	0	0	0	0	0	0	0	
ERBB2	ENSG00000141736	0	0	0	0	0	0.482237163009503	0	0	0	0	0	0	0	0	0	0	0	0.754540268793794	0	0	0	0	0	0	0	0	0	0	0	0	0	0.426094153190795	0	0	0	0	0	0	0	0.571986718246761	0	0	0	0	0	0	0	0	0	0	0	0	0	0	0	0	0	0	0	0	0	0	0	0	0	0	0	0	0	0	0	0	0	0	0	0	0	0	0	0	0	0	0	0	0	0	0	0	0	0	0	0	0	0	0	0	0	0	0	0	0	0	0	0	0	0	0	0	0	0	0	0	0	0	0	0	0	0	0	0	0	0	0	
CDH2	ENSG00000170558	0	0	0	0	0	0	0	0	0	0	0	0	0	0	0	0	0	0	0	0	0	0	0	0	0	0	0	0	0	0	0	0	0	0	0	0	0	0	0	0.571986718246761	0	0	0	0	0	0	0	0	0	0	0	0	0	0	0	0	0	0	0	0	0	0	0.396726871874089	0	0	0	0	0	0	0	0	0	0	0	0	0	0	0	0	0	0	0	0	0	0	0	0	0	0	0	0	0	0	0	0	0	0	0	0	0	0	0	0	0	0	0	0	0	0	0	0	0	0	0	0	0	0.663750871003644	0	0.934599106454664	0	0	0	0	
CD93	ENSG00000125810	0	0	0.625019115684544	0	0	1.05050045916668	0.44654600522058	0	0	0.461992590629075	0	0	0	0	0	0	0	0	0	0	0	0	0	0	0	0	0	0	0	0	0	0	3.95597361871829	0.333988031026356	0	0	0	0	0	0	0	0	0	0	0	0	0	0	0	0	0	0	0	0	0	0	0	0	0	0	0	0	0	0	0	0	0	0	0.686170925860885	0	0	0	0	0	0	0	0	0	0	0	0	0	0	0	0	0.610063373643216	1.22959455885427	0	0	0	0	0	0	0	0	0	0	0	0	0	0	0	0	0	0	0	0	0	0	0	0	0	0	0	0	0	0	0	0	0	0	0	0	
MMP9	ENSG00000100985	0	0	1.00670287810825	0	0	0	0	0	1.37425130061656	0.776783616385434	0	0	3.16657450936434	1.99110348254874	0	1.15533760367922	3.34158050354016	0	0	3.69560775003148	2.6176331793017	0	2.13680419690173	2.95662574433782	1.16655810912996	1.45839634017771	2.66438123397826	0.763636458279688	0	0.367765810395405	0	0	0.526219000838714	0	0	1.62138413570584	0	0	2.36327262569723	2.40090770309343	0	0	0	2.15865482975215	0	0	0	0	3.64752826078198	0	0	0	3.72384796926578	0	0	0	0	0	2.91455437488697	0	0	0	0	0.438368509215109	0.610986084808748	0.565605872950187	0	0	0	0	0	0	0.413246984096257	4.04762575403522	0	1.73004533234357	3.81119270616901	0	0	0	0	0	0	0	0	2.54691639207689	0	3.17935587304192	0	0	0	0	0	0	1.71699539633934	0.993253871780509	0	0	0	0	0	0	0	0	0	0	0	0	0	0	0	0	0.875293774533053	0	0	0	0	0	0	0	2.5360519774736	0	1.75743432054564	
APP	ENSG00000142192	0	0.320685300150359	0	0	0	0	0	0	0	0	0	1.51040875805983	0.424295558489741	0	0.697779149369195	0	0	1.17965979520657	0	0	0.49174224994013	0.765507960622831	0	0	0	0.438153825601488	0	0	0	0	0	1.13945340854338	1.87796257875263	0.783709418277302	0	0	0.706509953989306	0.778086323264367	0	0.571986718246761	0	0	0	0	0	1.68144323949714	0	0	0	0	1.67386810881394	0	0	0	1.2291666626699	1.3756642665971	0	0	0	0	0	0.495697329037755	0.90050651002756	0	0	0.565605872950187	0	0.442269698903031	0	0.383863952871531	2.07380949219821	3.02981222165725	1.52214179342719	0.473099256316715	1.05334964582325	0.457496807921558	0	0	0	0	1.96448062371802	0	0	0.544834369464404	0	0	2.47563817957896	0	0.473624315688451	0	0	1.31094021141493	0	0.594077406833809	1.90355691432268	0	1.32638511571163	0	0.723851232178156	0	0.533868375049201	0.864843080767922	0	0	0	0	0.647624424711473	0	0	1.08138064956242	0	0.436424664607683	1.88681514753581	0	0	0	1.0592219897747	0.511733937570692	0	0.376793357217177	0.327616714172481	0	1.35545523471955	
