Gene	Gene	CACTGAGAATGGTC_1	CGTAACGAGCTGTA_1	GAAGTCTGTAGAGA_1	GAGTGGGACCCACT_1	ACGCTGCTAACCAC_3	CTCGAGCTTCGCAA_3	AACAAACTGGTTAC_4	AAGTATACTGACCA_4	ACAACCGAATGTGC_4	ACGATGACTCCTGC_4	AGTCACGAAACCAC_4	ATAGGAGAACCATG_4	ATCCCGTGACGTGT_4	ATGCTTTGGCTAAC_4	CCATGCTGGAGACG_4	CGTCCAACTAAAGG_4	CTCAGGCTCATGCA_4	GAGTACACGTTTCT_4	GCCTCATGCTACTT_4	GGCGACTGTTGGTG_4	GTTATCTGCTGAGT_4	TACCGAGATGCACA_4	TAGATTGACCAACA_4	TGCACAGATTCAGG_4	TTATGGCTTCCAAG_4	ACAAGAGAGTCAAC_5	AGACACACCTTCTA_5	ATGAAGGAGTTAGC_5	CACGACCTAAAGCA_5	TTACGACTTTTCAC_5	
TNFRSF18	ENSG00000186891	0	0	0	0	0	0	0	0	0.933567498834603	0	0	0	0.591184531094342	0	0.396726871874089	0	0	0	0	0	0	0	0	0	0	0	0	0	0	0	
TNFRSF4	ENSG00000186827	0	0	0	1.19397474375408	0	1.49573242484409	0	0	0	1.28757375420407	0	0	0	0.55355529175207	0	0	0	0	1.22959455885427	0	0	0	0	0	0	0	0	0	0	0	
TAS1R3	ENSG00000169962	0	0	0	0	0	0	0	0	0	0	0	0	0	0	0	0	0	0	0	0	0	0	0	0	0	0	0	0	0	0	
GABRD	ENSG00000187730	0	0	0	0	0	0	0	0	0	0	0	0	0	0	0	0	0	0	0	0	0	0	0	0	0	0	0	0	0	0	
TNFRSF14	ENSG00000157873	0	0	1.17965979520657	0.765507960622831	0	0	0.964713487142357	1.11638993151452	1.19856343271331	0	0	1.57879615295133	0	0.55355529175207	0.396726871874089	0	0.413246984096257	0.929326184775751	1.22959455885427	0	0	0.868653908163388	0.723851232178156	0	0	0.663750871003644	0.511733937570692	0	0	0.672693794646323	
GPR153	ENSG00000158292	0	0	0	0	0	0	0	0	0	0	0	0	0	0	0	0	0	0	0	0	0	0	0	0	0	0	0	0	0	0	
TNFRSF25	ENSG00000215788	0	0	0	0.765507960622831	0	0	0	0	0	0	0	0	0	0	0	0	0	0	0	0	0	0	0	0	0	0	0	0	0	0	
TAS1R1	ENSG00000173662	0	0	0	0	0	0	0	0	0	0	0	0	0	0	0	0	0	0	0	0	0	0	0	0	0	0	0	0	0	0	
TNFRSF9	ENSG00000049249	0	0.697779149369195	0	0	0	0	0	0	0	0	0	0	0	0	0	0	0	0	0	0	0	0	0	0	0	0	0	0	0	0	
GPR157	ENSG00000180758	0	0	0	0	0	0	0	0	0	0	0	0	0	0	0.396726871874089	0	0	0	0	0	0	0	0	0	0	0	0	0	0.376793357217177	0	
TNFRSF8	ENSG00000120949	0	0	0	0	0	0	0	0	0	0	0	0	0	0	0	0	0	0	0	0	0	0	0	0	0	0	0	0	0	0	
TNFRSF1B	ENSG00000028137	0	0	0.754540268793794	0	0	0	0	0	0	0	0	0	0	0	0	0	0	0	0	0	0	0	0	0.680251368219615	0	0	0	0	0	0	
EPHA2	ENSG00000142627	0	0	0	0	0	0	0	0	0	0.628427879795163	1.3580244448345	0	0	0	0	0	0	0	0	0	0	0	0	0	0	0	0	0	0	0	
EPHB2	ENSG00000133216	0	0	0	0	0	0	0	0	0	0	0	0	0.591184531094342	0	0	0	0	0	0	0	0	0	0	0	0	0	0.511733937570692	0	0	0	
HTR1D	ENSG00000179546	0	0	0	0	0	0	0	0	0	0	0	0	0	0	0	0	0	0	0	0	0	0	0	0	0	0	0	0	0	0	
CNR2	ENSG00000188822	0	0	0	0	0	0	0	0	0	0	0	0	0	0	0	0	0	0	0	0	0	0	0	0	0	0	0	0	0	0	
IL22RA1	ENSG00000142677	0	0	0	0	0	0	0	0	0	0	0	0	0	0	0	0	0	0	0	0	0	0	0	0	0	0	0	0	0	0	
IFNLR1	ENSG00000185436	0	0	0	0	0	0	0	0	0	0	0	0	0	0	0	0	0	0	0	0	0	0	0	0	0	0	0	0	0	0	
GPR3	ENSG00000181773	0	0	0	0	0	0	0	0	0	0	0	0	0	0	0	0	0	0	0	0.856468524793428	0	0	0	0	0	0	0	0	0	0	
PTAFR	ENSG00000169403	0	0	0	0	0	0	0	0	0.571986718246761	0	0	0	0	0	0	0	0	0	0	0	0	0	0	0	0	0	0	0	0	0	
OPRD1	ENSG00000116329	0	0	0	0	0	0	0	0	0	0	0	0	0	0	0	0	0	0	0	0	0	0	0	0	0	0	0	0	0	0	
PTPRU	ENSG00000060656	0	0	0	0	0	0	0	0	0	0	0	0	0	0.55355529175207	0	0	0	0	0	0	0	0	0	0	0	0	0.511733937570692	0	0	0	
HCRTR1	ENSG00000121764	0	0	0	0	0	0	0	0	0	0	0	0	0	0	0	0	0	0	0	0	0	0	0	0	0	0	0	0	0	0	
CSF3R	ENSG00000119535	0	0	0	0	0	0	0	0	0	0	0	0	0.960213114735915	1.3756642665971	0	0	0	0	0	0	0	0	0	0	0	0.663750871003644	0	0	0	0	
EPHA10	ENSG00000183317	0	0	0	0	0	0	0	0	0	0	0	0	0	0	0	0	0	0	0	0	0	0	0	0	0	0	0	0	0	0	
SLC2A1	ENSG00000117394	0	0	0	0	0	0	0	0.706509953989306	0	0	0	0	0	0	0.396726871874089	0	0	0	0	0	0	0	0	0	0	0.663750871003644	0	0.572727312411143	0	0	
TIE1	ENSG00000066056	0	0	0	0	0	0.86921654609485	0	0	0	1.01135438590137	0	0	0.591184531094342	0	0	0	0	0	1.76467692902759	0	0	0	0	0	0	0	0	0	0	0	
PTPRF	ENSG00000142949	0	0	0	0	0	0	0	0.706509953989306	0.571986718246761	0	0.893739095543858	0	0	0	0.396726871874089	0	0	0	0	0	0	0	0.723851232178156	0	0	1.0592219897747	0	0.572727312411143	0.376793357217177	0	
LRP8	ENSG00000157193	0	0	0	0	0	0	0	0	0	0	0	0	0	0	0	0	0	0	0	0	0	0	0	0	0	0	0	0	0	0	
ROR1	ENSG00000185483	0	0	0	0	0.426094153190795	0.526219000838714	0	0	0	0	0	0	0	0	0	0	0	0	0	0	0	0	0	0	0	0	0.511733937570692	0	0.376793357217177	0	
LEPR	ENSG00000116678	0	0	0	0	0	0	0	0	0	0	0	0	0	0	0	0	0	0	0	0	0	0	0	0	0	0	0	0	0	0	
IL23R	ENSG00000162594	0	0	0	0	0	0	0	0	0	0	0	0	0	0	0	0	0	0	0	0	0	0	0	0	0	0	0	0	0	0	
IL12RB2	ENSG00000081985	0	0	0	0	0	0	0	0	0	0	0	0	0	0	0	0	0	0	0	0	0	0	0	0	0	0	0	0	0	0	
PTGER3	ENSG00000050628	0	0	0	0	0.723933328165602	0	0	0	0	0	0	0	0	0	0	0	0	0	0	0	0	0	0	0	0	0	0	0	0	0	
PTGFR	ENSG00000122420	0	0	0	0	0	0	0	0	0	0	0	0	0	0	0	0	0	0	0	0	0	0	0	0	0	0	0	0	0	0	
LPAR3	ENSG00000171517	0	0	0	0	0	0	0	0	0	0	0	0	0	0	0	0	0	0	0	0	0	0	0	0	0	0	0	0	0	0	
TGFBR3	ENSG00000069702	0	0	0	0	0	0	0	0	0	0	0	0	0	0	0	0	0	0	0	0	0	0	0	0	0	0	0	0	0	0	
FRRS1	ENSG00000156869	0	0	0	0	0	0	0	0	0	0	0	0	0	0	0	0	0	0	0	0	0	0	0	0	0	0	0	0	0	0	
GPR88	ENSG00000181656	0	0	0	0	0	0	0	0	0	0	0	0	0	0	0	0	0	0	0	0	0	0	0	0	0	0	0	0	0	0	
S1PR1	ENSG00000170989	0	0	0	0.765507960622831	0	0.526219000838714	0	0	0	0.628427879795163	0	0	0	0	0	0	0	0	0.792956928974258	0	0	0	0	0	0	0	0	0	0	0	
CELSR2	ENSG00000143126	0	0	0	0	0	0	0	0	0	0	0	0	0.591184531094342	0	0	0	0	0	0	0	0	0	0	0	0	0	0	0	0	0	
GPR61	ENSG00000156097	0	0	0	0	0	0	0	0	0	0	0	0	0	0	0	0	0	0	0	0	0	0	0	0	0	0	0	0	0	0	
ADORA3	ENSG00000121933	0	0	0	0	0	0	0	0	0	0	0	0	0	0	0	0	0	0	0	0	0	0	0	0	0	0	0	0	0	0	
CD2	ENSG00000116824	0	0	0	0	0	0	0	0	0.571986718246761	0	0	0	0	0	0	0	0.704797402630537	0	0	0	0	0	0	0	0	0	0	0	0	0	
PTGFRN	ENSG00000134247	0	0	0	0	0	0	0	0.706509953989306	0	0.628427879795163	0	0	0	0	0	0	0.413246984096257	0	0	0	0	0	0.723851232178156	0	0	0.663750871003644	0.511733937570692	0	0.376793357217177	0	
FCGR1B	ENSG00000198019	0	0	0	0	0	0	0	0	0	0	0	0	0	0	0	0	0	0	0	0	0	0	0	0	0	0	0	0	0	0	
FCGR1A	ENSG00000150337	0	0	0	0	0	0	0	0	0	0	0	0	0	0	0	0	0	0	0	0	0	0	0	0	0	0	0	0	0	0	
NPR1	ENSG00000169418	0	0	0	0	0	0	0	0	0	0	0	0	0	0.90779571539102	0	0	0	0	0	0	0	0	0	0	0	0	0	0	0	0	
IL6R	ENSG00000160712	0	0	0	0	0	0	0	0	0	0	0	0	0	0	0	0	0	0	0	0	0	0	0	0	0	0	0	0	0	0	
CHRNB2	ENSG00000160716	0	0	0	0	0	0	0	0	0	0	0	0	0	0	0	0	0	0	0	0	0	0	0	0	0	0	0	0	0	0	
MUC1	ENSG00000185499	0	0	0	0	0	0	0	0	0	0	3.34782423018712	2.36300138808096	2.28923560177334	2.80505290599323	0	0	0	0	0	0	0	0	3.05328633842428	0	0	0	0.84859519911729	0	0.376793357217177	0	
RXFP4	ENSG00000173080	0	0	0	0	0	0	0	0	0	0	0	0	0	0	0	0	0	0	0	0	0	0	0	0	0	0	0	0	0	0	
NTRK1	ENSG00000198400	0	0	0	0	0	0	0.594441066508732	0	0.571986718246761	0	0	0	0	0	0	0	0	0	0	0	0	0	0	0.680251368219615	0	0	0	0	0	0	
INSRR	ENSG00000027644	0	0	0	0	0	0	0	0	0	0	0	0	0	0	0	0	0	0	0	0	0	0	0	0	0	0	0	0	0	0	
PEAR1	ENSG00000187800	0	0	0	0	0	0.86921654609485	0	0	0	0.628427879795163	0	0	0	0	0	0	0	0	0	0	0	0	0	0	0	0	0	0	0	0	
FCRL5	ENSG00000143297	0	0	0	0	0	0	0	0	0	0	0	0	0	0	0	0	0	0	0	0	0	0	0	0	0	0	0	0	0	0	
FCRL4	ENSG00000163518	0	0	0	0	0	0	0	0	0	0	0	0	0	0	0	0	0	0	0	0	0	0	0	0	0	0	0	0	0	0	
FCRL3	ENSG00000160856	0	0	0	0	0	0	0	0	0	0	0	0	0	0	0	0	0	0	0	0	0	0	0	0	0	0	0	0	0	0	
FCRL2	ENSG00000132704	0	0	0	0	0	0	0	0	0	0	0	0	0	0	0	0	0	0	0	0	0	0	0	0	0	0	0	0	0	0	
FCRL1	ENSG00000163534	0	0	0	0	0	0	0	0	0	0	0	0	0	0	0	0	0	0	0	0	0	0	0	0	0	0	0	0	0	0	
FCER1A	ENSG00000179639	0	0	0	0	0	0	0	0	0	0	0	0	0	0	0	0	0	0	0	0	0	0	0	0	0	0	0	0	0	0	
FCRL6	ENSG00000181036	0	0	0	0	0	0	0	0	0	0	0	0	0	0	0	0	0	0	0	0	0	0	0	0	0	0	0	0	0	0	
CD244	ENSG00000122223	0	0	0	0	0	0	0	0	0	0	0	0	0	0	0	0	0	0	0	0	0	0	0	0	0	0	0	0	0	0	
F11R	ENSG00000158769	0.777577404412528	0	0	0	0	0	0	0	0	0	0.893739095543858	0	0.591184531094342	0	0	0	0	0	0	0	0	0	0	0	0	0	0	0	0.376793357217177	0	
FCGR2A	ENSG00000143226	0	0	0	0	0	0	0.594441066508732	0	0.571986718246761	0	0	0	0	0	0.396726871874089	0	0.413246984096257	0	0	0	0	0	0	0	0	0	0	0.572727312411143	0	0	
FCGR3A	ENSG00000203747	0	0	0	0	0	0	0	0	0	0	0	0	0	0	0	0	0	0	0	0	0	0	0	0	0	0	0	0	0	0	
FCGR3B	ENSG00000162747	0	0	0	0	0	0	0	0	0	0	0	0	0	0	0	0	0	0	0	0	0	0	0	0	0	0	0	0	0	0	
FCGR2B	ENSG00000072694	0	0	0	0	0	0	0	0	0	0	0	0	0	0	0	0	0	0	0	0	0	0	0	0	0	0	0	0	0.376793357217177	0	
DDR2	ENSG00000162733	1.20967283031442	1.10478349151056	0	0.765507960622831	0	0	0.964713487142357	0	0	0	0	0	0	0	0.396726871874089	0	0.704797402630537	0	0	0.856468524793428	0.761713635538117	0	0	0	0	0.663750871003644	0.511733937570692	0	0	0	
GPR161	ENSG00000143147	0	0	0	0	0	0	0	0	0	0	0	0	0	0	0	0	0	0	0	0	0	0	0	0	0	0	0	0	0	0	
SELE	ENSG00000007908	0	0	0	0	0	0	0	0	0	0	0	0	0	0	0	0	0	0	0	0	0	0	0	0	0	0	0	0	0	0	
GPR52	ENSG00000203737	0	0	0	0	0	0	0	0	0	0	0	0	0	0	0	0	0	0	0	0	0	0	0	0	0	0	0	0	0	0	
CRB1	ENSG00000134376	0	0	0	0	0	0	0	0	0	0	0	0	0	0	0	0	0	0	0	0	0	0	0	0	0	0	0	0	0	0	
PTPRC	ENSG00000081237	0	0	0	0	0	0	0	0	0	0	0	0	0	0	0	0	0.704797402630537	0	0	0	0	0	0	0	0	0	0	0	0	0	
GPR25	ENSG00000170128	0	0	0	0	0	0	0	0	0	0	0	0	0	0	0	0	0	0	0	0	0	0	0	0	0	0	0	0	0	0	
GPR37L1	ENSG00000170075	0	0	0	0	0	0	0	0	0	0	0	0	0	0	0	0	0	0	0	0	0	0	0	0	0	0	0	0	0	0	
LGR6	ENSG00000133067	0	0	0	0	0	0	0	0	0	0	0	0	0	0	0	0	0	0	0	0	0	0	0	0	0	0	0	0	0	0	
ADORA1	ENSG00000163485	0	0	0	0	0	0	0	0	0.571986718246761	0	0	0	0	0	0	0	0	0	0	0	0	0	0	0	0	0	0	0	0	0	
PIGR	ENSG00000162896	0	0	0	0	0	0	0	0	0	0	0	1.07314313651703	1.44090238947838	0.90779571539102	0	0	0	0	0	0	0	0	0	0	0	0	0	0	0	0	
FCAMR	ENSG00000162897	0	0	0	0	0	0	0	0	0	0	0	0	0	0	0	0	0	0	0	0	0	0	0	0	0	0	0	0	0	0	
CR2	ENSG00000117322	0	0	0	0	0	0	0	0	0	0	0	0	0	0	0	0	0	0	0	0	0	0	0	0	0	0	0	0	0	0	
CR1	ENSG00000203710	0	0	0	0	0	0	0	0	0	0	0	0	0	0	0	0	0	0	0	0	0	0	0	0	0	0	0	0	0	0	
PLXNA2	ENSG00000076356	0	0	0	0.765507960622831	0	0.526219000838714	0	0	0	0.628427879795163	0	0	0.591184531094342	0.55355529175207	0	0	0	0	0	0	0	0	0	0	0	0	0	0	0	0	
FLVCR1	ENSG00000162769	0	0	0	0	0	0	0	0	0	0	0	0	0	0	0	0.871717564344285	0	0	0	0	0	0	0	0	0	0	0	0	0	0	
TLR5	ENSG00000187554	0	0	0	0	0	0	0	0	0	0	0	0	0	0	0	0	0	0	0	0	0	0	0	0	0	0	0	0	0	0	
GPR137B	ENSG00000077585	0	0	0	0	0	0	0.594441066508732	1.11638993151452	0	0	0	0	0	0	0	0	0.704797402630537	0	0	0	0.761713635538117	0	0	0.680251368219615	0	0	0	0	0	0	
CHRM3	ENSG00000133019	0	0	0	0	0	0	0	0	0	0	0	0	0	0.55355529175207	0	0	0	0	0	0	0	0	0	0	0	0	0	0	0	0	
OPN3	ENSG00000054277	0	0	0	0	0	0	0	0	0	0	0	0	0	0	0	0	0	0	0	0	0	0	0	0	0	0	0	0	0	0	
OR14A16	ENSG00000196772	0	0	0	0	0	0	0	0	0	0	0	0	0	0	0	0	0	0	0	0	0	0	0	0	0	0	0	0	0	0	
OR2T8	ENSG00000177462	0	0	0	0	0	0	0	0	0	0	0	0	0	0	0	0	0	0	0	0	0	0	0	0	0	0	0	0	0	0	
OR2L13	ENSG00000196071	0	0	0	0	0	0	0	0	0	0	0	0	0	0	0	0	0	0	0	0	0	0	0	0	0	0	0	0	0	0	
OR2L8	ENSG00000196936	0	0	0	0	0	0	0	0	0	0	0	0	0	0	0	0	0	0	0	0	0	0	0	0	0	0	0	0	0	0	
ALK	ENSG00000171094	0	0	0	0	0	0	0	0	0	0	0	0	0	0	0	0	0	0	0	0	0	0	0	0	0	0	0	0	0	0	
OXER1	ENSG00000162881	0	0	0	0	0	0	0	0	0	0	0	0	0	0	0	0	0	0	0	0	0	0	0	0	0	0	0	0	0	0	
LHCGR	ENSG00000138039	0	0	0	0	0	0	0	0	0	0	0	0	0	0	0	0	0	0	0	0	0	0	0	0	0	0	0	0	0	0	
GPR75	ENSG00000119737	0	0	0	0	0	0	0	0	0	0	0	0	0	0	0	0	0	0	0	0	0	0	0	0	0	0	0	0	0	0	
ANTXR1	ENSG00000169604	0	0	0	0	0.723933328165602	0	0	1.11638993151452	0.571986718246761	0	0	0	0	0	0.680011024604769	1.33026039973902	0.413246984096257	0	0	0.856468524793428	0	0	0	0.680251368219615	0	0.663750871003644	0	0.572727312411143	0	0	
TACR1	ENSG00000115353	0	0	0	0	0	0	0	0	0	0	0	0	0	0	0	0	0	0	0.792956928974258	0	0	0	0	0	0	0	0	0	0	0	
ADRA2B	ENSG00000222040	0	0	0	0	0	0	0	0	0	0	0	0	0	0	0	0	0	0	0	0	0	0	0	0	0	0	0	0	0	0	
IL1R2	ENSG00000115590	0	0	0	0	0	0	0	0	0	0	0	0.674106387705516	0	0	0	0	0	0	0	0	0	0	0	0	0	0	0	0	0	0	
IL1R1	ENSG00000115594	1.51040875805983	0	0.754540268793794	0	1.13945340854338	0	0.594441066508732	0	0	0	0.893739095543858	0	1.2291666626699	0	0.680011024604769	0	0.413246984096257	0.929326184775751	0	0.856468524793428	1.18902783532812	0.868653908163388	0	0.680251368219615	0.875293774533053	0	0.511733937570692	0	0.649825267066065	0	
IL1RL2	ENSG00000115598	0	0	0	0	0	0	0	0	0	0	0	0	0	0	0	0	0	0	0	0	0	0	0	0	0	0	0	0	0	0	
IL1RL1	ENSG00000115602	0	0	0	0	0	0	0	0	0	0	0	0	0	0	0	0	0	0	0	0	0	0	0	0	0	0	0	0	0	0	
IL18R1	ENSG00000115604	0	0	0	0	0	0	0	0	0	0	0	0	0	0	0.396726871874089	0.871717564344285	0.413246984096257	0	0	0	0	0	0	0	0	0	0	0	0	0	
IL18RAP	ENSG00000115607	0	0	0	0	0	0	0	0	0	0	0	0	0	0	0	0	0	0	0	0	0	0	0	0	0	0	0	0	0	0	
EDAR	ENSG00000135960	0	0	0	0	0	0	0	0	0	0	0	0	0	0	0	0	0	0	0	0	0	0	0	0	0	0	0	0	0	0	
MERTK	ENSG00000153208	0	0	0	0	0	0	0	0	0	0	0	0	0	0	0	0	0	0	0	0	0	0	0	0	0	0	0	0	0	0	
SCTR	ENSG00000080293	0	0	0	0	0	0	0	0	0	0	0	1.35759546618832	0.591184531094342	0.90779571539102	0	0	0	0	0	0	0	0	1.4320039985561	0	0	0	0	0	0	0	
GPR17	ENSG00000144230	0	0	0	0	0	0	0	0	0	0	0	0	0	0	0	0	0	0	0	0	0	0	0	0	0	0	0	0	0	0	
GPR39	ENSG00000183840	0	0	0	0	0	0	0	0	0	0	0	0	0	0	0	0	0	0	0	0	0	0	0	0	0	0	0	0	0	0	
CXCR4	ENSG00000121966	0	0	0	0.765507960622831	0	0.86921654609485	0	0	0	0.628427879795163	0	0	0	0	0.396726871874089	0.871717564344285	0.413246984096257	0	0	0	0	0	0	0.680251368219615	0	0	0	0	0	0	
LRP1B	ENSG00000168702	0	0	0	0	0	0	0	0	0	0	0	0	0	0	0	0	0	0	0	0	0	0	0	0	0	0	0	0	0	0	
ACVR2A	ENSG00000121989	0	0	0	0	0	0	0	0	0	0	0	0	0	0	0	0	0	0	0	0	0	0	0	0	0	0	0	0	0	0	
ACVR1C	ENSG00000123612	0	0	0	0	0	0	0	0	0	0	0	0	0	0	0	0	0	0	0	0	0	0	0	0	0	0	0	0	0	0	
ACVR1	ENSG00000115170	0	0.697779149369195	0	0	0	0	0.594441066508732	0.706509953989306	0	0	0	0	0	0	0	0	0.704797402630537	0	0	0.856468524793428	0	0	0	0	0	0	0	0	0	0	
LY75	ENSG00000054219	0	0	0	0	0	0	0	0	0	0	0	0	0	0	0	0	0	0	0	0	0	0	0	0	0	0	0	0	0	0	
PLA2R1	ENSG00000153246	0	0	0	0	0	0.526219000838714	0	0	0	0	0	0	0	0	0	0.871717564344285	0	0	0	0	0	1.32638511571163	0	0	0	0	0	0	0	0	
LRP2	ENSG00000081479	0	0	0	0	0	0	0	0	0	0	0	0	0	0	0	0	0	0	0	0	0	0	0	0	0	0	0	0	0	0	
GPR155	ENSG00000163328	0	0	0	0	0	0	0	0	0	0	0	0	0	0	0	0	0	0	0	0	0	0	0	0	0	0	0	0	0	0	
CHRNA1	ENSG00000138435	0	0	0	0	0	0	0	0	0.571986718246761	0	0	0	0	0	0	0	0.413246984096257	0	0	0	0	0	0	0	0	0.663750871003644	0	0	0	0	
ITGA4	ENSG00000115232	0	0	0	0	0	0	0	0	0.571986718246761	0	0	0	0	0	0	0	0	0	0	0	0	0	0	0	0.875293774533053	0	0	0	0	0	
ITGAV	ENSG00000138448	0.777577404412528	0	0	0	0	0	0	0	0	0	0	0	0	0	0	0	0.704797402630537	0	0	0.856468524793428	0	0	0	0	0	0	0	0	0	0	
CALCRL	ENSG00000064989	0	0	0	0	0	0.526219000838714	0	0	0	0	0	0	0	0	0	0	0	0	0	0	0	0	0	0	0	0	0	0	0	0	
FZD7	ENSG00000155760	0	0	0	0	0	0	0	0	0	0	0	0	0	0	0	0	0	0	0	0.856468524793428	0.761713635538117	0	0	0	0.875293774533053	0	0	0	0	0	
BMPR2	ENSG00000204217	0	0	0	0.765507960622831	0	0	0	0	0	0	0	0	0	0	0	0.871717564344285	0	0	0	0	0.761713635538117	0	0	0.680251368219615	0	0	0	0	0	0	
GPR1	ENSG00000183671	0	0	0	0	0.426094153190795	0	0	0	0	0.628427879795163	0	0	0	0	0	0	0	0	0	0	0	0	0	0	0	0	0	0	0	0	
FZD5	ENSG00000163251	0	0	0	0	0	0	0	0	0	0	0	0	0	0	0	0	0	0	0	0	0	0	0.723851232178156	0	0	0	0	0	0	0	
PTH2R	ENSG00000144407	0	0	0	0	0	0	0	0	0	0	0	0	0	0	0	0	0	0	0	0	0	0	0	0	0	0	0	0	0	0	
ERBB4	ENSG00000178568	0	0	0	0	0	0	0	0	0	0	0	0	0	0	0	0	0	0	0	0	0	0	0	0	0	0	0	0	0	0	
CXCR2	ENSG00000180871	0	0	0	0	0	0	0	0	0	0	0	0	0	0	0	0	0	0	0	0	0	0	0	0	0	0	0	0	0	0	
CXCR1	ENSG00000163464	0	0	0	0	0	0	0	0	0	0	0	0	0	0	0	0	0	0	0	0	0	0	0	0	0	0	0	0	0	0	
GPBAR1	ENSG00000179921	0	0	0	0	0	0	0	0	0	0	0	0	0	0	0	0	0	0	0	0	0	0	0	0	0	0	0	0	0	0	
PTPRN	ENSG00000054356	0	0	0	0	0	0	0	0.706509953989306	0	0	0	0	0	0	0.680011024604769	0	0.413246984096257	0	0	0	0	0	0	0	0	0.663750871003644	0	0	0	0	
EPHA4	ENSG00000116106	0	0	0	0	0	0	0	0	0	0	0	0	0	0	0	0	0	0	0	0	0	0	0	0	0	0	0	0	0.376793357217177	0	
GPR55	ENSG00000135898	0	0	0	0	0	0	0	0	0	0	0	0	0	0	0	0	0	0	0	0	0	0	0	0	0	0	0	0	0	0	
HTR2B	ENSG00000135914	0	0	0	0	0	0	0	0	0	0	0	0	0	0	0	0	0	0.929326184775751	0	0	0	0	0	0	0	0	0	0	0	0	
NMUR1	ENSG00000171596	0	0	0	0	0	0	0	0	0	0	0	0	0	0	0	0	0	0	0	0	0	0	0	0	0	0	0	0	0	0	
ACKR3	ENSG00000144476	0	0	0	0	0.426094153190795	2.07004853471723	0	0	0	0.628427879795163	0	0	0	0	0	0	0	0	0	0	0	0	0	0	0.875293774533053	0	0	0	0	0	
GPR35	ENSG00000178623	0	0	0	0	0	0	0	0	0	0	0	0	0	0	0	0	0	0	0	0	0	0	0	0	0	0	0	0	0	0	
IL5RA	ENSG00000091181	0	0	0	0	0	0	0	0	0	0	0	0	0	0	0	0	0	0	0	0	0	0	0	0	0	0	0	0	0	0	
GRM7	ENSG00000196277	0	0	0	0	0	0	0	0	0	0	0	0	0	0	0	0	0	0	0	0	0	0	0	0	0	0	0	0	0	0	
OXTR	ENSG00000180914	0	0	0	0	0	0	0	0	0	0	0	0	0	0	0	0	0	0	0	0	0	0	0	0	0	0	0	0	0	0	
LHFPL4	ENSG00000156959	0	0	0	0	0	0	0	0	0	0	0	0	0	0	0	0	0	0	0	0	0	0	0	0	0	0	0	0	0	0	
IL17RE	ENSG00000163701	0	0.697779149369195	0	0	0	0	0	0	0	0	0	0.674106387705516	0	0	0	0	0	0	0	0.856468524793428	0	0	0	0	0	0	0	0	0	0	
IL17RC	ENSG00000163702	0	0.697779149369195	0	0	0.723933328165602	0	0	0.706509953989306	0	0	0	0	0	0	0	0	0.413246984096257	0.929326184775751	0	0.856468524793428	0	0.868653908163388	0	0.680251368219615	0	0	0	0	0	0	
HRH1	ENSG00000196639	0	0	0	0	0	0	0	0	0	0	0	0	0	0	0	0	0	0	0	0	0	0	0	0	0	0.663750871003644	0	0	0	0	
TGFBR2	ENSG00000163513	0	0	0	0.765507960622831	0	0	0	0.706509953989306	0	1.28757375420407	0	0.674106387705516	0	0.90779571539102	0.396726871874089	0	0.413246984096257	0	0.792956928974258	0	0	0	0	0	0.875293774533053	0.663750871003644	0.511733937570692	0	0	0	
CCR4	ENSG00000183813	0	0	0	0	0	0	0	0	0	0	0	0	0	0	0	0	0	0	0	0	0	0	0	0	0	0	0	0	0	0	
ACVR2B	ENSG00000114739	0	0	0	0	0	0	0	0	0	0	0	0	0	0	0	0	0	0	0	0	0	0	0	0	0	0	0	0	0	0	
CX3CR1	ENSG00000168329	0	0	0	0	0	0	0	0	0	0	0	0	0	0	0	0	0	0	0	0	0	0	0	0	0	0	0	0	0	0	
CCR8	ENSG00000179934	0	0	0	0	0	0	0	0	0	0	0	0	0	0	0	0	0	0	0	0	0	0	0	0	0	0	0	0	0	0	
VIPR1	ENSG00000114812	0	0	0	0	0	0	0	0	0	0	0	0	0	0	0	0	0	0	0	0	0	0	0	0	0	0	0	0	0	0	
ACKR2	ENSG00000144648	0	0	0	0	0	0	0	0	0	0	0	0	0	0	0	0	0	0	0	0	0	0	0	0	0	0	0	0	0	0	
CCR9	ENSG00000173585	0	0	0	0	0	0	0	0	0	0	0	0	0	0	0	0	0	0	0	0	0	0	0	0	0	0	0	0	0	0	
CXCR6	ENSG00000172215	0	0	0	0	0	0	0	0	0	0	0	0	0	0	0	0	0	0	0	0	0	0	0	0	0	0	0	0	0	0	
XCR1	ENSG00000173578	0	0	0	0	0	0	0	0	0	0	0	0	0	0	0	0	0	0	0	0	0	0	0	0	0	0	0	0	0	0	
CCR3	ENSG00000183625	0	0	0	0	0	0	0	0	0	0	0	0	0	0	0	0	0	0	0	0	0	0	0	0	0	0	0	0	0	0	
CCR1	ENSG00000163823	0	0	0	0	0	0	0	0	0	0	0	0	0	0	0	0	0	0	0	0	0	0	0	0	0	0	0	0	0	0	
CCR2	ENSG00000121807	0	0	0	0	0	0	0	0	0	0	0	0	0	0	0	0	0	0	0	0	0	0	0	0	0	0	0	0	0	0	
CCR5	ENSG00000160791	0	0	0	0	0	0	0	0	0	0	0	0	0	0	0	0	0	0	0	0	0	0	0	0	0	0	0	0	0	0	
CCRL2	ENSG00000121797	0	0	0	0	0	0	0	0	0.571986718246761	0	0	0	0	0	0	0	0	0	0	0	0	0	0	0	0	0	0	0	0	0	
PTH1R	ENSG00000160801	0	0	0	0	0	0	0	0.706509953989306	0	0	0	0	0	0	0	0	0	0	0	0	0	0	0	0.680251368219615	0	0	0	0	0	0	
CELSR3	ENSG00000008300	0	0	0	0	0	0	0	0	0	0	0	0	0	0	0	0	0	0	0	0	0	0	0	0	0	0	0	0	0	0	
MST1R	ENSG00000164078	0	0	0	0	0	0	0	0	0	0	0	0.674106387705516	0	0	0	0	0	0	0	0	0	0	0	0	0	0	0	0	0	0	
GRM2	ENSG00000164082	0	0	0	0	0	0	0	0	0	0	0	0	0	0	0	0	0	0	0	0	0	0	0	0	0	0	0	0	0	0	
GPR62	ENSG00000180929	0	0	0	0	0	0	0	0	0	0	0	0	0	0	0	0	0	0	0	0	0	0	0	0	0	0	0	0	0	0	
TLR9	ENSG00000239732	0	0	0	0	0	0	0	0	0	0	0	0	0	0	0	0	0	0	0	0	0	0	0	0	0	0	0	0	0	0	
STAB1	ENSG00000010327	0	0	0	0	0	0.86921654609485	0	0	0	0.628427879795163	0	0	0	0	0	0	0	0	0	0	0	0	0	0	0	0	0	0	0	0	
IL17RB	ENSG00000056736	0	0	0	0	0	0	0	0	0	0	0	0	0	0	0	0	0	0	0	0	0	0	0	0	0	0	0	0	0	0	
IL17RD	ENSG00000144730	0	0	0	0	0	0	0	0	0	0	0	0	0	0	0	0	0	0	0	0	0	0	0	0	0	0	0	0	0	0	
PTPRG	ENSG00000144724	0.777577404412528	0	0	0	0	0	0	0	0	0	0	0	0.591184531094342	0	0	0	0	0	0	0	0	0.868653908163388	0	0	0	0	0	0	0	0	
GPR27	ENSG00000170837	0	0	0	0	0	0	0	0	0	0	0	0	0	0	0	0	0	0	0	0	0	0	0	0	0	0	0	0	0	0	
ROBO2	ENSG00000185008	0	0	0	0	0	0	0	0	0	0	0	0	0	0	0	0	0	0	0	0	0	0	0	0	0	0	0	0	0	0	
ROBO1	ENSG00000169855	0	0	0	0	0	0.86921654609485	0	0	0	0	0	0	0	0	0.396726871874089	0	0.413246984096257	0	0	0	0	0	0	0	0.875293774533053	0	0	0	0	0	
HTR1F	ENSG00000179097	0	0	0	0	0	0	0	0	0	0	0	0	0	0	0	0	0	0	0	0	0	0	0	0	0	0	0	0	0	0	
EPHA3	ENSG00000044524	0	0	0	0	0	0	0	0	0	0	0	0	0	0	0	0	0	0	0	0	0	0	0	0	0	0	0	0	0	0	
EPHA6	ENSG00000080224	0	0	0	0	0	0	0	0	0	0	0	0	0	0	0	0	0	0	0	0	0	0	0	0	0	0	0	0	0	0	
GABRR3	ENSG00000183185	0	0	0	0	0	0	0	0	0	0	0	0	0	0	0	0	0	0	0	0	0	0	0	0	0	0	0	0	0	0	
GPR15	ENSG00000154165	0	0	0	0	0	0	0	0	0	0	0	0	0	0	0	0	0	0	0	0	0	0	0	0	0	0	0	0	0	0	
IMPG2	ENSG00000081148	0	0	0	0	0	0	0	0	0	0	0	0	0	0	0	0	0	0	0	0	0	0	0	0	0	0	0	0	0	0	
TRAT1	ENSG00000163519	0	0	0	0	0	0	0	0	0	0	0.893739095543858	0	0	0	0	0	0	0	0	0	0	0	0	0	0	0	0	0	0	0	
CD200R1L	ENSG00000206531	0	0	0	0	0	0	0	0	0	0	0	0	0	0	0	0	0	0	0	0	0	0	0	0	0	0	0	0	0	0	
CD200R1	ENSG00000163606	0	0	0	0	0	0	0	0	0	0	0	0	0	0	0	0	0	0	0	0	0	0	0	0	0	0	0	0	0	0	
TIGIT	ENSG00000181847	0	0	0	0	0	0	0	0	0	0	0	0	0	0	0	0	0	0	0	0	0	0	0	0	0	0	0	0	0	0	
GPR156	ENSG00000175697	0	0	0	0	0	0	0	0	0	0	0	0	0	0	0	0	0	0	0	0	0	0	0	0	0	0	0	0	0	0	
ILDR1	ENSG00000145103	0	0	0	0	0	0	0	0	0	0	0	0	0	0	0	0	0	0	0	0	0	0	0	0	0	0	0	0	0	0	
CASR	ENSG00000036828	0	0	0	0	0	0	0	0	0	0	0	0	0	0	0	0	0	0	0	0	0	0	0	0	0	0	0	0	0	0	
TPRA1	ENSG00000163870	0.777577404412528	0.697779149369195	0	0	0	0.526219000838714	0.964713487142357	0	0	1.28757375420407	0	0	0.591184531094342	0	0.396726871874089	0	0.413246984096257	0	1.22959455885427	0.856468524793428	0	0	0	0	0	0.663750871003644	0	0	0.649825267066065	0.672693794646323	
RHO	ENSG00000163914	0	0	0	0	0	0	0	0	0	0	0	0	0	0	0	0	0	0	0	0	0	0	0	0	0	0	0	0	0	0	
ACKR4	ENSG00000129048	0	0	0	0	0	0	0	0	0	0	0	0	0	0	0	0	0	0	0	0	0	0	0	0	0	0	0	0	0	0	
RYK	ENSG00000163785	0	0	0	0	0	0.526219000838714	0.594441066508732	0.706509953989306	0	0	0	0	0	0	0.396726871874089	0.871717564344285	0.413246984096257	0	0	0	0	0	0	0	0	0	0	0	0	0	
EPHB1	ENSG00000154928	0	0	0	0	0	0	0	0	0	0	0	0	0	0	0	0	0	0	0	0	0	0	0	0	0	0	0	0	0	0	
IL20RB	ENSG00000174564	0	0	0	0	0	0	0	0	0	0	0	0	0	0	0	0	0	0	0	0	0	0	0	0	0	0	0	0	0	0	
AGTR1	ENSG00000144891	0	0	0	0	0	0	0	0	0	0	0	0	0	0	0	0	0	0	0	0	0	0	0	0	0	0	0	0	0	0	
GPR171	ENSG00000174946	0	0	0	0	0	0	0	0	0	0	0	0	0	0	0	0	0	0	0	0	0	0	0	0	0	0	0	0	0	0	
P2RY14	ENSG00000174944	0	0	0	0	0	0	0	0	0	0	0	0	0	0	0	0	0	0	0	0	0	0	0	0	0	0	0	0	0	0	
GPR87	ENSG00000138271	0	0	0	0	0	0	0	0	0	0	0	0	0	0	0	0	0	0	0	0	0	0	0	0	0	0	0	0	0	0	
P2RY13	ENSG00000181631	0	0	0	0	0	0	0	0	0	0	0	0	0	0	0	0	0	0	0	0	0	0	0	0	0	0	0	0	0	0	
P2RY12	ENSG00000169313	0	0	0	0	0	0	0	0	0	0	0	0	0	0	0	0	0	0	0	0	0	0	0	0	0	0	0	0	0	0	
SUCNR1	ENSG00000198829	0	0	0	0	0	0	0	0	0	0	0	0	0	0	0	0	0	0	0	0	0	0	0	0	0	0	0	0	0	0	
P2RY1	ENSG00000169860	0	0	0	0	0	0	0	0	0	0	0	0	0	0	0	0	0	0	0	0	0	0	0	0	0	0	0	0	0	0	
GPR149	ENSG00000174948	0	0	0	0	0	0	0	0	0	0	0	0	0	0	0	0	0	0	0	0	0	0	0	0	0	0	0	0	0	0	
GPR160	ENSG00000173890	0	0	0	0	0	0	0	0	0	0	0.893739095543858	0	0.591184531094342	0.90779571539102	0	0	0	0	0	0	0	0	0	0	0	0	0	0	0	0	
HTR3C	ENSG00000178084	0	0	0	0	0	0	0	0	0	0	0	0	0	0	0	0	0	0	0	0	0	0	0	0	0	0	0	0	0	0	
HTR3E	ENSG00000186038	0	0	0	0	0	0	0	0	0	0	0	0	0	0	0	0	0	0	0	0	0	0	0	0	0	0	0	0	0	0	
EPHB3	ENSG00000182580	0	0	0	0	0	0	0	0	0	0	0	0	0	0	0	0	0	0	0	0	0	0	0	0	0	0	0	0	0	0	
IL1RAP	ENSG00000196083	0	0	0	0	0	0	0	0	0	0	0	0	0	0	0	0	0	0	0	0	0	0	0	0	0	0	0	0	0	0	
FGFRL1	ENSG00000127418	0	0	0	0	0.426094153190795	0	0	0	0	0	0	0	0	0	0	0	0	0	0.792956928974258	0	0	0	0	0	0	0	0	0	0	0	
FGFR3	ENSG00000068078	0	0	0	0	0	0	0	0	0	0	0	0.674106387705516	0	0	0	0	0	0	0	0	0	0	0	0	0	0	0	0	0	0	
ADRA2C	ENSG00000184160	0	0	0	0	0	0	0	0	0	0	0	0	0	0	0	0	0	0	0	0	0	0	0	0	0	0	0	0	0	0	
SORCS2	ENSG00000184985	0	0	0	0	0	0	0	0	0	0	0	0	0	0	0	0	0	0	0	0	0	0	0	0	0	0	0	0	0	0	
GPR78	ENSG00000155269	0	0	0	0	0	0	0	0	0	0	0	0	0	0	0	0	0	0	0	0	0	0	0	0	0	0	0	0	0	0	
DRD5	ENSG00000169676	0	0	0	0	0	0	0	0	0	0	0	0	0	0	0	0	0.413246984096257	0	0	0	0	0	0	0	0	0	0	0	0	0	
PROM1	ENSG00000007062	0	0	0	0	0	0	0	0	0	0	0	0	0	0	0	0	0	0	0	0	0	0	0	0	0	0	0	0	0	0	
TLR10	ENSG00000174123	0	0	0	0	0	0	0	0	0	0	0	0	0	0	0	0	0	0	0	0	0	0	0	0	0	0	0	0	0	0	
TLR1	ENSG00000174125	0	0	0	0	0	0	0	0	0	0.628427879795163	0	0	0	0	0	0	0	0	0	0	0	0	0	0	0	0	0	0	0	0	
TLR6	ENSG00000174130	0	0	0	0	0	0	0	0	0	0	0	0	0	0	0	0	0	0	0	0	0	0	0	0	0	0	0	0	0	0	
CHRNA9	ENSG00000174343	0	0	0	0	0.426094153190795	0	0	0	0	0	0	0	0	0	0	0	0.413246984096257	0	0	0	0	0	0	0	0	0	0	0	0	0	
GABRA2	ENSG00000151834	0	0	0	0	0	0	0	0	0	0	0	0	0	0	0	0	0	0	0	0	0	0	0	0	0	0	0	0	0	0	
GABRA4	ENSG00000109158	0	0	0	0	0	0	0	0	0	0	0	0	0	0	0	0	0	0	0	0	0	0	0	0	0	0	0	0	0	0	
GABRB1	ENSG00000163288	0	0	0	0	0	0	0	0	0	0	0	0	0	0	0	0	0	0	0	0	0	0	0	0	0	0	0	0	0	0	
CORIN	ENSG00000145244	0	0	0	0	0	0	0	0	0	0	0	0	0	0	0	0	0	0	0	0	0	0	0	0	0	0	0	0	0	0	
PDGFRA	ENSG00000134853	0	0	0	0	0.426094153190795	0	0.594441066508732	0	0.571986718246761	0	0	0	0	0	0.396726871874089	0	0.704797402630537	0.929326184775751	0	0	0	0	0	0	0.875293774533053	0	0	0	0	0	
KIT	ENSG00000157404	0	0	0	0	0	0	0	0	0	0	0	0	0	0	0	0	0	0	0	0	0	0	0	0	0	0	0	0	0	0	
KDR	ENSG00000128052	0	0	0	0	0	0	0	0	0	0.628427879795163	0	0	0	0	0	0	0	0	0	0	0	0	0	0	0	0	0	0	0	0	
NPFFR2	ENSG00000056291	0	0	0	0	0	0	0	0	0	0	0	0	0	0	0	0	0	0	0	0	0	0	0	0	0	0	0	0	0	0	
SCARB2	ENSG00000138760	1.51040875805983	0	1.70593547338393	0.765507960622831	1.13945340854338	0	0	0.706509953989306	0	1.28757375420407	0	0	0	0.90779571539102	0.396726871874089	0	0	0	0	1.31094021141493	0	0	0	1.08138064956242	1.64841636122194	0	1.10012568698064	0.572727312411143	0	1.07124707440253	
ANTXR2	ENSG00000163297	0	0	0.754540268793794	0	0	0	0	1.63073347071909	0	0	0	0	0	0	0.396726871874089	0.871717564344285	0.413246984096257	0.929326184775751	0	0	0	0	0	0	0.875293774533053	0.663750871003644	0	0	0	0	
PKD2	ENSG00000118762	0	0	0	0	0	0	0.594441066508732	0	0	0	0	0	0	0	0	0	0	0	0	0	0	0	0	0	0	0.663750871003644	0	0	0	0	
UNC5C	ENSG00000182168	0	0	0	0	0	0	0	0	0	0	0	0	0	0	0	0	0	0	0	0	0	0	0	0	0	0.663750871003644	0	0	0	0	
RRH	ENSG00000180245	0	0	0	0	0	0	0	0	0	0	0	0	0	0	0	0	0	0	0	0	0	0	0	0	0	0	0	0	0	0	
QRFPR	ENSG00000186867	0	0	0	0	0	0	0	0	0	0	0	0	0	0	0	0	0	0	0	0	0	0	0	0	0	0	0	0	0	0	
EDNRA	ENSG00000151617	0	0	0	0	0	0	0	0.706509953989306	0	0	0	0	0	0	0	0	0	0	0	0	0	1.32638511571163	0	0	0.875293774533053	0	0	0	0	1.07124707440253	
TLR2	ENSG00000137462	0.777577404412528	0	0	0	0	0	0	0	0.571986718246761	0	0	0	0.960213114735915	0	0	0	0	0	0	0	0	0	0	0	0	0	0	0.572727312411143	0	0	
GLRB	ENSG00000109738	0	0	0	0	0	0	0	0	0	0	0	1.07314313651703	0	0	0.396726871874089	0	0	0	0	0	0	0	0	0	0	0	0	0	0	0	
GRIA2	ENSG00000120251	0	0	0	0	0	0	0	0	0	0	0	0	0	0	0	0	0	0	0	0	0	0	0	0	0	0	0	0	0	0	
RXFP1	ENSG00000171509	0	0	0	0	0	0	0	0	0	0	0	0	0	0	0	0	0	0	1.22959455885427	0	0	0	0	0	0	0	0	0	0	0	
NPY1R	ENSG00000164128	0	0	0	0	0	0	0	0	0	0	0	0	0	0	0	0	0	0	0	0	0	0	0	0	0	0	0	0	0	0	
NPY5R	ENSG00000164129	0	0	0	0	0	0	0	0	0	0	0	0	0	0	0	0	0	0	0	0	0	0	0	0	0	0	0	0	0	0	
GLRA3	ENSG00000145451	0	0	0	0	0	0	0	0	0	0	0	0	0	0	0	0	0	0	0	0	0	0	0	0	0	0	0	0	0	0	
TLR3	ENSG00000164342	0	0	0	0	0	0	0	0	0	0	0	0	0	0	0	0	0	0	0	0	0	0	0	0	0	0	0	0	0	0	
NPR3	ENSG00000113389	0	0	0	0	0	0	0	0	0	0	0	0	0	0	0	0	0	0	1.76467692902759	0	0	0.868653908163388	0	0	0	0	0	0	0	0	
PRLR	ENSG00000113494	0	0	0	0	0	0	0	0	0	0	0	0	0	0	0	0	0	0	0	0	0	0	0	0.680251368219615	0	0	0	0	0	0	
IL7R	ENSG00000168685	1.20967283031442	0	0.754540268793794	0	0	0	0.594441066508732	0	1.19856343271331	0	0	0	0	0	1.4835681180948	0	0.413246984096257	0.929326184775751	0	0.856468524793428	0	0.868653908163388	0	0	0	0	0	0	0	0	
LIFR	ENSG00000113594	0	0	0	0	0	0	0	0	0	0	0	0	0	0	0	0	0	0	0.792956928974258	0	0	0	0	0	0	0	0	0	0	0	
OSMR	ENSG00000145623	0	0	0	0	0	0	0.594441066508732	0	0	0	0	0	0.591184531094342	0	0	0	0	0	0	0.856468524793428	0	0	0.723851232178156	0	0.875293774533053	0.663750871003644	0.511733937570692	0.572727312411143	0	0	
PTGER4	ENSG00000171522	0	0	0	0	0	0	0	0	0.571986718246761	0	0	0	0	0	0.396726871874089	0	0.413246984096257	0	0	0	0	0	0	0	0	0	0	0	0	0	
GHR	ENSG00000112964	0	0	0	0	0	0	0	0	0	0	0	0	0	0	0	0	0	0	0	0	0	0	0	0	0	0	0	0	0	0	
ITGA2	ENSG00000164171	0	0	0	0	0	0.526219000838714	0	0	0	0	0	0	0	0	0.396726871874089	0	0	0	0	0	0	0	0	0	0	0	0	0	0	0	
IL31RA	ENSG00000164509	0	0	0	0	0	0	0	0	0	0	0	0	0	0	0	0	0	0	0	0	0	0	0	0	0	0	0	0	0	0	
IL6ST	ENSG00000134352	0	0	0	0.765507960622831	0.426094153190795	0.526219000838714	0	0	0	0.628427879795163	0	0	0	0.55355529175207	0	0	0	0.929326184775751	0	0.856468524793428	0	0	0	0	0	0	0.511733937570692	0.572727312411143	0.376793357217177	0	
F2RL2	ENSG00000164220	0	0	0	0	0	0	0	0	0	0	0	0	0	0	0	0	0	0	0	0	0	0	0	0	0	0	0	0	0	0	
F2R	ENSG00000181104	0	0	1.17965979520657	1.19397474375408	0.953121986960103	0.86921654609485	0.594441066508732	0	0	0	0	0	0	0	0	1.33026039973902	0.413246984096257	0.929326184775751	0.792956928974258	2.21145394827953	0.761713635538117	1.63921029215975	0	1.08138064956242	0	0	0	0	0	0.672693794646323	
F2RL1	ENSG00000164251	0	0	0	0	0	0	0	0	0	0	0	0	0	0	0	0	0.413246984096257	0	0	0	0	0.868653908163388	0	0	0	0	0	0	0	0	
GPR150	ENSG00000178015	0	0	0	0	0	0	0	0	0	0	0	0	0	0	0	0	0	0	0	0	0	0	0	0	0	0	0	0	0	0	
RGMB	ENSG00000174136	0	0	0	0	0	0	0	0	0	0	0	0	0	0.90779571539102	0	0	0	0	0	0	0	0	0	0	0	0	0	0	0	0	
MEGF10	ENSG00000145794	0	0	0	0	0	0	0	0	0	0	0	0	0	0	0	0	0	0	0	0	0	0	0	0	0	0	0	0	0	0	
GFRA3	ENSG00000146013	0	0	0	0	0	0	0	0	0	0	0	0	0	0	0	0	0	0	0	0	0	0	0	0	0	0	0	0	0	0	
HBEGF	ENSG00000113070	0	0	0	0.765507960622831	0	0.526219000838714	1.23432360154957	0	0	0	0	0	0	0	0	0	0	0	0	0	0	0	0	0	0	0	0	0	0	0.672693794646323	
CD14	ENSG00000170458	0	0.697779149369195	0	0	0.723933328165602	0	0	0	0	0	0	0	0	0	0	0.871717564344285	0	0	0	0	0	0	0	0	0	0	1.84773797114593	0.934599106454664	1.1902841534188	0	
HTR4	ENSG00000164270	0	0	0	0	0	0	0	0	0	0	0	0	0	0	0	0	0	0	0	0	0	0	0	0	0	0	0	0	0	0	
ADRB2	ENSG00000169252	0	0	0	0	0	0	0	0	0	0	0	0	0	0	0	0	0	0	0	0	0	0	0	0	0	0	0	0	0	0	
CSF1R	ENSG00000182578	0	0	0	0	0	0	0	0	0.571986718246761	0	0	0	0	0	0	0	0	0	0	0	0	0	0	0	0	0	0	0	0	0	
PDGFRB	ENSG00000113721	0.777577404412528	1.10478349151056	0.754540268793794	1.90960639652424	0	0	0.964713487142357	0.706509953989306	0.933567498834603	0	0	0	0	0	0.396726871874089	1.33026039973902	0.413246984096257	0	0	0.856468524793428	0	0	0	0	0	0	0.511733937570692	0	0	1.07124707440253	
NMUR2	ENSG00000132911	0	0	0	0	0	0	0	0	0	0	0	0	0	0	0	0	0	0	0	0	0	0	0	0	0	0	0	0	0	0	
GRIA1	ENSG00000155511	0	0	0	0	0	0	0	0	0	0	0	0	0	0	0	0	0	0	0	0	0	0	0	0	0	0	0	0	0	0	
HAVCR1	ENSG00000113249	0	0	0	0	0	0	0	0	0	0	0	0	0	0	0	0	0	0	0	0	0	0	0	0	0	0	0	0	0	0	
HAVCR2	ENSG00000135077	0	0	0	0	0	0	0	0	0	0	0	0	0	0	0	0	0	0	0	0.856468524793428	0	0	0	0	0	0	0	0	0	0	
GABRB2	ENSG00000145864	0	0	0	0	0	0	0	0	0	0	0	0	0	0	0	0	0	0	0	0	0	0	0	0	0	0	0	0	0	0	
GABRG2	ENSG00000113327	0	0	0	0	0	0	0	0	0	0	0	0	0	0	0	0	0	0	0	0	0	0	0	0	0	0	0	0	0	0	
GABRP	ENSG00000094755	0	0	0	0	0	0	0	0	0	0	0	0	0	0	0	0	0	0	0	0	0	0	0	0	0	0	0	0	0	0	
DRD1	ENSG00000184845	0	0	0	0	0	0	0	0	0	0	0	0	0	0	0	0	0	0	0	0	0	0	0	0	0	0	0	0	0	0	
HRH2	ENSG00000113749	0	0	0	0	0	0	0	0	0	0	0	0	0	0	0	0	0	0	0	0	0	0	0	0	0	0	0	0	0	0	
UNC5A	ENSG00000113763	0	0	0	0	0	0	0	0	0	0	0	0	0	0	0	0	0	0	0	0	0	0	0	0	0	0	0	0	0	0	
FGFR4	ENSG00000160867	0	0	0	0	0	0	0.594441066508732	0	0	0	0	0	0	0	0	0	0	0	0	0	0	0	0	0	0	0	0	0	0	0	
GRM6	ENSG00000113262	0	0	0	0	0	0	0	0	0	0	0	0	0	0	0	0	0	0	0	0	0	0	0	0	0	0	0	0	0	0	
FLT4	ENSG00000037280	0	0	0	0	0	0	0	0	0	0	0	0	0	0	0	0	0	0	0	0	0	0	0	0	0	0	0	0	0	0	
BTNL3	ENSG00000168903	0	0	0	0	0	0	0	0	0	0	0	0	0	0	0	0	0	0	0	0	0	0	0	0	0	0	0	0	0	0	
SSR1	ENSG00000124783	0	0.697779149369195	1.17965979520657	0	0	0	0	0	0	1.01135438590137	0	0	0	0.55355529175207	0.396726871874089	1.33026039973902	0	0.929326184775751	0.792956928974258	0	0	0.868653908163388	0	0.680251368219615	0	0	0	0.572727312411143	0.864074580322999	0	
OR2B6	ENSG00000124657	0	0	0	0	0	0	0	0	0	0	0	0	0	0	0	0	0	0	0	0	0	0	0	0	0	0	0	0	0	0	
MAS1L	ENSG00000204687	0	0	0	0	0	0	0	0	0	0	0	0	0	0	0	0	0	0	0	0	0	0	0	0	0	0	0	0	0	0	
GABBR1	ENSG00000204681	0	0	0	0	0	0	0	0	0.571986718246761	0	0	0	0	0	0	0	0	0	0	0	0	0	0	0.680251368219615	0	0.663750871003644	0	0	0	0	
DDR1	ENSG00000204580	0	0	0	0	0	0	0	0	0.571986718246761	0	0.893739095543858	0	0.591184531094342	0	0	0	0	0	0	0	0	0	0.723851232178156	0	0	0	0	0	0	0	
NCR3	ENSG00000204475	0	0	0	0	0	0	0.594441066508732	0	0	0	0	0	0	0	0	0	0	0	0	0	0	0	0	0	0	0	0	0	0	0	
AGER	ENSG00000204305	0	0	0	0	0	0	0	0	0	0	2.7371246644055	0	0	0	0	0	0	0	0	0	0	0	3.77263271394399	0	0	0	0	0	0	0	
GRM4	ENSG00000124493	0	0	0	0	0	0	0	0	0	0	0	0	0	0	0	0	0	0	0	0	0	0	0	0	0	0	0	0	0	0	
TREM2	ENSG00000095970	0	0	0	0	0.426094153190795	0	0.594441066508732	0	0.933567498834603	0	0	0	0	0	0	0	0	0	0	0.856468524793428	0	0	0	0	0	0	0	0	0	0	
TREML2	ENSG00000112195	0	0	0	0	0	0	0	0	0	0	0	0	0	0	0	0	0	0	0	0	0	0	0	0	0	0	0	0	0	0	
TREM1	ENSG00000124731	0	0.697779149369195	0	0	0	0	0	0	0	0	0	0	0.591184531094342	0	0.396726871874089	0	0	0	0	0	0	0	0	0	0	0.663750871003644	0	1.19975052848646	0.649825267066065	0	
NCR2	ENSG00000096264	0	0	0	0	0	0	0	0	0	0	0	0	0	0	0	0	0	0	0	0	0	0	0	0	0	0	0	0	0	0	
PTCRA	ENSG00000171611	0	0	0	0	0	0	0	0	0	0	0	0	0	0	0	0	0	0	0	0	0	0	0	0	0	0	0	0	0	0	
PTK7	ENSG00000112655	1.20967283031442	1.10478349151056	0	0	0.426094153190795	0	0.594441066508732	0	0	0	0.893739095543858	0	0.591184531094342	0.55355529175207	0.396726871874089	0.871717564344285	0.704797402630537	0	0	0	0	0.868653908163388	1.4320039985561	1.77017312206755	1.64841636122194	0.663750871003644	0.511733937570692	0	0	0	
TNFRSF21	ENSG00000146072	0	0	0	0.765507960622831	0	0	0	1.40627215097039	0.571986718246761	0	0	0	0	0	0.680011024604769	0.871717564344285	0	0.929326184775751	0	0	0	0	0.723851232178156	0.680251368219615	0	0	0.511733937570692	0	0	1.35545523471955	
CNR1	ENSG00000118432	0	0	0	0	0	0	0	0	0	0	0	0	0	0	0	0	0	0	0	0	0	0	0	0	0	0	0	0	0	0	
GABRR1	ENSG00000146276	0	0	0	0	0	0	0	0	0	0	0	0	0	0	0	0	0	0	0	0	0	0	0	0	0	0	0	0	0	0	
EPHA7	ENSG00000135333	0	0	0	0	0	0	0	0	0	0	0	0	0	0	0	0	0	0	0	0	0	0	0	0	0	0	0	0	0	0	
GPR63	ENSG00000112218	0	0	0	0	0	0	0	0	0	0	0	0	0	0	0	0	0	0	0	0	0	0	0	0	0	0	0	0	0	0	
MCHR2	ENSG00000152034	0	0	0	0	0	0	0	0	0	0	0	0	0	0	0	0	0	0	0	0	0	0	0	0	0	0	0	0	0	0	
GRIK2	ENSG00000164418	0	0	0	0	0	0	0	0	0	0	0	0	0	0	0	0	0	0	0	0	0	0	0	0	0	0	0	0	0	0	
GPRC6A	ENSG00000173612	0	0	0	0	0	0	0	0	0	0	0	0	0	0	0	0	0	0	0	0	0	0	0	0	0	0	0	0	0	0	
ROS1	ENSG00000047936	0	0	0	0	0	0	0	0	0	0	0	0	0	0.55355529175207	0	0	0	0	0	0	0	0	0	0	0	0	0	0	0	0	
PTPRK	ENSG00000152894	0	0	0	0	0	0	0	0.706509953989306	0	0	0	0	0	0.55355529175207	0	0	0	0.929326184775751	0.792956928974258	0	0	0	0	0	0	0	0	0	0	0	
IL20RA	ENSG00000016402	0	0	0	0	0	0	0	0	0	0	0	0	1.2291666626699	0.90779571539102	0	0	0	0	0	0	0	0	0	0	0	0	0	0	0	0	
IFNGR1	ENSG00000027697	1.928759511751	0	1.17965979520657	1.49296224491618	0.723933328165602	1.12413783130675	0	0	0	0	0	1.35759546618832	0.591184531094342	0.55355529175207	0.396726871874089	1.64346093862509	0.413246984096257	0.929326184775751	3.17757478842262	1.31094021141493	1.48745800410619	1.32638511571163	1.65812183490357	1.08138064956242	0	1.0592219897747	0	0	0.864074580322999	0.672693794646323	
NMBR	ENSG00000135577	0	0	0	0	0	0	0	0	0	0	0	0	0	0	0	0	0	0	0	0	0	0	0	0	0	0	0	0	0	0	
GRM1	ENSG00000152822	0	0	0	0	0	0	0	0	0	0	0	0	0	0	0	0	0	0	0	0	0	0	0	0	0	0	0	0	0	0	
LRP11	ENSG00000120256	0	0	0	0	0	0	0	0	0	0	0	0	0	0	0	0	0	0	0	0	0	0	0.723851232178156	0	0	0	0	0	0	0	
OPRM1	ENSG00000112038	0	0	0	0	0	0	0	0	0	0	0	0	0	0	0	0	0	0	0	0	0	0	0	0	0	0	0	0	0	0	
MAS1	ENSG00000130368	0	0	0	0	0	0	0	0	0	0	0	0	0	0	0	0	0	0	0	0	0	0	0	0	0	0	0	0	0	0	
IGF2R	ENSG00000197081	0	0	0.754540268793794	0	0	0	0	0	0.571986718246761	0	0	0	0	0	0	0	0	0	0	0	0	0	0	0	0	0.663750871003644	0	0	0	0.672693794646323	
CCR6	ENSG00000112486	0	0	0	0	0	0	0	0	0	0	0	0	0	0	0	0	0	0	0	0	0	0	0	0	0	0	0	0	0	0	
GPR146	ENSG00000164849	0	0	0	0.765507960622831	0	0.526219000838714	0	0	0	1.01135438590137	0	0	0	0	0	0	0	0	0	0	0	0	0	0	0	0	0	0	0	0	
GPER1	ENSG00000164850	0	0	0	0	0	0	0	0	0	0	0	0	0	0	0	0	0	0	0	0	0	0	0	0	0	0	0	0	0	0	
CRHR2	ENSG00000106113	0	0	0	0	0	0	0	0	0	0	0	0	0	0	0	0	0	0	0	0	0	0	0	0	0	0	0	0	0	0	
GHRHR	ENSG00000106128	0	0	0	0	0	0	0	0	0	0	0	0	0	0	0	0	0	0	0	0	0	0	0	0	0	0	0	0	0	0	
ADCYAP1R1	ENSG00000078549	0	0	0	0	0	0	0	0	0	0	0	0	0	0	0	0	0	0	0	0	0	0	0	0	0	0	0	0	0	0	
GPR141	ENSG00000187037	0	0	0	0	0	0	0	0	0	0	0	0	0	0	0	0	0	0	0	0	0	0	0	0	0	0	0	0	0	0	
TRGC2	ENSG00000227191	0	0	0	0	0	0	0	0	0	0	0	0	0	0	0	0	0	0	0	0	0	0	0	0	0	0	0	0	0	0	
RAMP3	ENSG00000122679	0	0	0	1.90960639652424	0	2.30286206294458	0	0	0	0	0	0	0	0	0	0	0	0	0	0	0	0	0	0	0	0	0	0	0	0	
PKD1L1	ENSG00000158683	0	0	0	0	0	0	0	0	0	0	0	0	0	0	0	0	0	0	0	0	0	0	0	0	0	0	0	0	0	0	
EGFR	ENSG00000146648	0	0	0	0	0	0	0	0	0	0	0	0	0	0	0	0	0	0	0	0	0	0	0.723851232178156	0.680251368219615	0	0	0	0	0.376793357217177	0	
FZD9	ENSG00000188763	0	0	0	0	0	0	0	0	0	0	0	0	0	0	0	0	0	0	0	0	0	0	0	0	0	0	0	0	0	0	
CLDN3	ENSG00000165215	0	0	0	0	0	0	0	0	0	0	1.67386810881394	0.674106387705516	0.591184531094342	0.90779571539102	0	0	0	0	0	0	0	0	1.65812183490357	0	0	0	0	0	0	0	
CLDN4	ENSG00000189143	0	0	0	0	0	0	0	0	0	0	0.893739095543858	1.35759546618832	1.61554578322665	0.55355529175207	0	0	0	0	0	0	0	0	1.4320039985561	0	0	0	0	0	0	0	
ZP3	ENSG00000188372	0	0	0	0	0	0	0	0	0	0.628427879795163	0	0	0	0	0	0	0	0	0	0	0	0	0	0	0	0	0	0	0	0	
CD36	ENSG00000135218	0	0	0	0	0	0	0	0	0	1.01135438590137	0	1.57879615295133	0	0.55355529175207	0	0	0	0	0	0	0	0	0	0	0	0	0	0	0	2.66952572092708	
GRM3	ENSG00000198822	0	0	0	0	0	0	0	0	0	0	0	0	0	0	0	0	0	0	0	0	0	0	0	0	0	0	0	0	0	0	
FZD1	ENSG00000157240	0	0	0	0	0.426094153190795	0	0	0.706509953989306	0.571986718246761	0	0	0	0	0	0	0	0	0.929326184775751	0	0	0	0	0	0	0	0	0	0	0	0	
CALCR	ENSG00000004948	0	0	0	0	0	0	0	0	0	0	0	0	0	0	0	0	0	0	0	0	0	0	0	0	0	0	0	0	0	0	
OR2AE1	ENSG00000244623	0	0	0	0	0	0	0	0	0	0	0	0	0	0	0	0	0	0	0	0	0	0	0	0	0	0	0	0	0	0	
PILRB	ENSG00000121716	0	0	0	1.19397474375408	0	0	0	0	0	0	0	0	0.591184531094342	0	0	0	0	0	0	0	0	0	0	0	0	0	0	0	0	0	
PILRA	ENSG00000085514	0	0	0	0	0	0	0	0	0	0	0	0	0	0	0	0	0	0	0	0	0	0	0	0	0	0	0	0	0.649825267066065	0	
EPHB4	ENSG00000196411	0	0	0	0.765507960622831	0	0	0	0	0	0	0	0	0	0	0	0	0	0	0	0.856468524793428	0	2.94381247663265	0	0	0	0	0	0	0	0	
GPR22	ENSG00000172209	0	0	0	0	0	0	0	0	0	0	0	0	0	0	0	0	0	0	0	0	0	0	0	0	0	0	0	0	0	0	
GPR85	ENSG00000164604	0	0	0	0	0	0	0	0	0	0	0	0	0	0	0	0	0	0	0	0	0	0	0	0	0	0	0	0	0	0	
MET	ENSG00000105976	0	0	0	0	0	0	0	0	0	0	0	0	0	0	0	0	0	0	0	0	0	0	0	0	0	0	0	0	0	0	
PTPRZ1	ENSG00000106278	0	0	0	0	0	0	0	0	0	0	0	0	0	0	0	0	0	0	0	0	0	0	0	0	0	0	0	0	0	0	
GPR37	ENSG00000170775	0	0	0	0	0	0	0	0	0	0	0	0	0	0	0	0	0	0	0	0	0	0	0	0	0	0	0	0	0	0	
GRM8	ENSG00000179603	0	0	0	0	0	0	0	0	0	0	0	0	0	0	0	0	0	0	0	0	0	0	0	0	0	0	0	0	0	0	
SMO	ENSG00000128602	0	0	0	0	0	0	0	0	0	0	0	0	0	0	0	0	0	0	0	0	0	0	0	0	0	0.663750871003644	0	0	0	0	
CHRM2	ENSG00000181072	0	0	0	0	0	0	0	0	0	0	0	0	0	0	0	0	0	0	0	0	0	0	0	0	0	0	0	0	0	0	
TAS2R4	ENSG00000127364	0	0	0	0	0	0	0	0	0	0	0	0	0	0	0	0	0	0	0	0	0	0	0	0	0	0	0	0	0	0	
EPHB6	ENSG00000106123	0	0	0	0	0	0	0	0	0	0	0	0	0	0	0	0	0	0	0	0	0	0	0	0	0	0	0	0	0	0	
TRPV6	ENSG00000165125	0	0	0	0	0	0	0	0	0	0	0	0	0	0	0	0	0	0	0	0	0	0	0	0	0	0	0	0	0	0	
TRPV5	ENSG00000127412	0	0	0	0	0	0	0	0	0	0	0	0	0	0	0	0	0	0	0	0	0	0	0	0	0	0	0	0	0	0	
EPHA1	ENSG00000146904	0	0	0	0	0	0	0	0	0	0	0	0	0	0	0	0	0	0	0	0	0	0	0	0	0	0	0	0	0	0	
PTPRN2	ENSG00000155093	0	0	0.754540268793794	0.765507960622831	0	0	0	0	0	0	0.893739095543858	0	0.960213114735915	0	0	0	0	0	0	0	0.761713635538117	0	0	0	0	0	0	0	0.376793357217177	0	
VIPR2	ENSG00000106018	0	0	0	0	0	0	0	0	0	0	0	0	0	0	0	0	0	0	0	0	0	0	0	0	0	0	0	0	0	0	
CRLF2	ENSG00000205755	0	0	0	0	0	0	0	0	0	0	0	0	0	0	0	0	0	0	0	0	0	0	0	0	0	0	0	0	0	0	
CSF2RA	ENSG00000198223	0	0	0	0	0	0	0	0	0	0	0	0	0	0	0	0	0	0	0	0	0	0	0	0	0	0	0	0	0	0	
IL3RA	ENSG00000185291	0	0	0	0.765507960622831	0	0.526219000838714	0	0	0	0.628427879795163	0	0	0	0	0	0	0	0	1.5325059089889	0	0.761713635538117	0	0	0	0	0	0	0	0	0	
P2RY8	ENSG00000182162	0	0	0	0	0	0	0	0	0	0	0	0	0	0	0	0	0	0	0	0	0	0	0	0	0	0	0	0	0	0	
GPR143	ENSG00000101850	0	0	0	0	0	0	0	0	0	0	0	0	0.591184531094342	0	0	0	0	0	0	0	0	0	0	0	0	0	0	0.934599106454664	0.376793357217177	0	
TLR7	ENSG00000196664	0	0	0	0	0	0	0	0	0	0	0	0	0	0	0	0	0	0	0	0	0	0	0	0	0	0	0	0	0	0	
TLR8	ENSG00000101916	0	0	0	0	0	0	0	0	0	0	0	0	0	0	0	0	0	0	0	0	0	0	0	0	0	0	0	0	0	0	
GLRA2	ENSG00000101958	0	0	0	0	0	0	0	0	0	0	0	0	0	0	0	0	0	0	0	0	0	0	0	0	0	0	0	0	0	0	
IL1RAPL1	ENSG00000169306	0	0	0	0	0	0	0	0	0	0	0	0	0	0	0	0	0	0	0	0	0	0	0	0	0	0	0	0	0	0	
GPR34	ENSG00000171659	0	0	0	0	0	0	0	0	0	0	0	0	0	0	0	0	0	0	0	0	0	0	0	0	0	0	0	0	0	0	
GPR82	ENSG00000171657	0	0	0	0.765507960622831	0	0	0	0	0	0	0	0	0	0	0	0	0	0	0	0	0	0	0	0	0	0	0	0	0	0	
GPR173	ENSG00000184194	0	0	0	0	0	0	0	0	0	0	0	0	0	0	0	0	0	0	0	0	0	0	0	0	0	0	0	0	0	0	
EDA2R	ENSG00000131080	0	0	0	0	0	0	0	0	0	0	0	0	0	0	0.396726871874089	0	0	0	0	0	0	0	0	0	0	0	0	0	0	0	
IL2RG	ENSG00000147168	0	0	0	0	0	0	0	0	0	0	0	0	0	0	0	0	0.704797402630537	0	0	0	0	0	0	0	0	0	0	0	0	0	
CXCR3	ENSG00000186810	0	0	0	0	0	0	0	0	0	0	0	0	0	0	0	0	0.704797402630537	0	0	0	0	0	0	0	0	0	0	0	0	0	
CYSLTR1	ENSG00000173198	0	0	0	0	0	0.526219000838714	0	0	0	0	0	0	0	0	0	0	0	0	0	0	0	0	0	0	0	0	0	0	0	0	
LPAR4	ENSG00000147145	0	0	0	0	0	0	0	0	0	0	0	0	0	0	0	0	0	0.929326184775751	0	0	0	0	0	0	0	0	0	0	0	0	
P2RY10	ENSG00000078589	0	0	0	0	0	0	0	0	0	0	0	0	0	0	0	0	0	0	0	0	0	0	0	0	0	0	0	0	0	0	
GPR174	ENSG00000147138	0	0	0	0	0	0	0	0	0	0	0	0	0	0	0	0	0	0	0	0	0	0	0	0	0	0	0	0	0	0	
IL1RAPL2	ENSG00000189108	0	0	0	0	0	0	0	0	0	0	0	0	0	0	0	0	0	0	0	0	0	0	0	0	0	0	0	0	0	0	
HTR2C	ENSG00000147246	0	0	0	0	0	0	0	0	0	0	0	0	0	0	0	0	0	0	0	0	0	0	0	0	0	0	0	0	0	0	
IL13RA2	ENSG00000123496	0	0	0	0	0	0	0	0	0	0	0	0	0	0	0	0	0	0	0	0	0	0	0	0	0	0	0	0	0	0	
AGTR2	ENSG00000180772	0	0	0	0	0	0	0	0	0	0	0	0	0	0	0	0	0	0	0	0	0	0	0	0	0	0	0	0	0	0	
IL13RA1	ENSG00000131724	0	0	0	0.765507960622831	0	0.526219000838714	0	0	0	0	0	0.674106387705516	0	0	0.396726871874089	0	0	1.72248189399533	0	0	0.761713635538117	0	0.723851232178156	0.680251368219615	0	0.663750871003644	0	0	0.376793357217177	0	
GRIA3	ENSG00000125675	0	0	0	0	0	0	0	0	0	0	0	0	0	0	0	0	0	0	0	0	0	0	0	0	0	0	0	0	0	0	
GPC3	ENSG00000147257	0	0.697779149369195	0	0	0	0	0	0	0	0	0	0	0.591184531094342	0.55355529175207	0	0	0	0	0	0	0	0	0	0.680251368219615	0	0	0	0	0	0.672693794646323	
GABRE	ENSG00000102287	0	0.697779149369195	0	0	0.426094153190795	0	0	0.706509953989306	0	0	0	0	0	0	0	0	0	0	0	0	0	0	0	0	0	0	0	0	0	0	
GABRA3	ENSG00000011677	0	0	0	0	0.426094153190795	0	0	0	0	0	0	0	0	0	0	0	0	0	0	0	0	0	0	0	0	0	0	0	0	0	
GABRQ	ENSG00000147402	0	0	0	0	0	0	0	0	0	0	0	0	0	0	0	0	0	0	0	0	0	0	0	0	0	0	0	0	0	0	
AVPR2	ENSG00000126895	0	0	0	0	0	0	0	0	0	0	0	0	0	0	0	0	0	0	0	0	0	0	0	0	0	0	0	0	0	0	
IL9R	ENSG00000124334	0	0	0	0	0	0	0	0	0	0	0	0	0	0	0	0	0	0	0	0	0	0	0	0	0	0	0	0	0	0	
MSR1	ENSG00000038945	0	0	0	0	0	0	0	0	0	0	0	0	0	0	0	0	0	0	0	0	0	0	0	0	0	0	0	0	0	0	
GFRA2	ENSG00000168546	0	0	0	0	0	0	0	0	0	0	0	0	0	0	0	0	0	0	0	0	0	0	0	0	0	0	0	0	0	0	
TNFRSF10C	ENSG00000173535	0	0	0	0	0	0	0	0	0	0	0	0	0	0.55355529175207	0	0	0	0	0	0	0	0	0	0	0	0	0	0	0	0	
TNFRSF10D	ENSG00000173530	0	0	0	0	0	0	0	0	0	0	0	0	0	0	0	0	0	0	0.792956928974258	0	0	0	0	0	0	0	0	0	0	0	
TNFRSF10A	ENSG00000104689	0	0	0	0	0	0	0	0	0	0	0	0	0	0	0	0	0	0	0	0	0	0	0	0	0	0	0	0	0	0.672693794646323	
CHRNA2	ENSG00000120903	0	0	0	0	0	0	0	0	0	0	0	0	0	0	0	0	0	0	0	0	0	0	0	0	0	0	0	0	0	0	
SCARA5	ENSG00000168079	0	0	0	0	0	0	0	0	0	0	0	0	0	0	0	0	0	0	0	0	0	0	0	0	0	0	0	0	0	0	
FZD3	ENSG00000104290	0	0	0	0	0	0	0	0	0	0	0	0	0	0	0	0	0	0	0	0	0	0	0	0	0	0	0.511733937570692	0	0	0	
ADRB3	ENSG00000188778	0	0	0	0	0	0	0	0	0	0	0	0	0	0	0	0	0	0	0	0	0	0	0	0	0	0	0	0	0	0	
FGFR1	ENSG00000077782	0	1.10478349151056	0	0	0	0	0	0	1.19856343271331	0	0	0	0	0	0.396726871874089	0.871717564344285	0	0.929326184775751	0	0.856468524793428	0.761713635538117	0	0	0	0.875293774533053	0.663750871003644	0.511733937570692	0	0.649825267066065	0	
SLC20A2	ENSG00000168575	0	0	0	0	0	0	0	0	0	0	0	0	0.591184531094342	0	0	0	0	0	0	0	0	0	0	0	0	0.663750871003644	0	0	0	0	
CHRNA6	ENSG00000147434	0	0	0	0	0	0	0	0	0	0	0	0	0	0	0	0	0	0	0	0	0	0	0	0	0	0	0	0	0	0	
OPRK1	ENSG00000082556	0	0	0	0	0	0	0	0	0	0	0	0	0	0	0	0	0	0	0	0	0	0	0	0	0	0	0	0	0	0	
SDC2	ENSG00000169439	1.51040875805983	1.10478349151056	0.754540268793794	1.49296224491618	0.426094153190795	0	0.594441066508732	0.706509953989306	0.571986718246761	0	0	1.07314313651703	0	0.55355529175207	0	0.871717564344285	0.413246984096257	0	0	1.31094021141493	2.51926265517328	2.23025094024828	0.723851232178156	1.3668877384202	0	0.663750871003644	0	0	0	2.44708328394815	
FZD6	ENSG00000164930	0	0	0	0.765507960622831	0	0.86921654609485	0	0	0.571986718246761	0	0	0	0.591184531094342	0	0.396726871874089	0	0.413246984096257	0	0.792956928974258	0.856468524793428	0	0	0	0	0	0	0	0	0	0	
LRP12	ENSG00000147650	0	0	0.754540268793794	0	0	0	0	0	0	0	0	0	0	0	0.396726871874089	0	0	0	0	0	0	0	0	0	0	0	0	0.934599106454664	0	0.672693794646323	
GPR20	ENSG00000204882	0	0	0	0	0	0	0	0	0	0	0	0	0	0	0	0	0	0	0	0	0	0	0	0	0	0	0	0	0	0	
SLC52A2	ENSG00000185803	0.777577404412528	0	0.754540268793794	0	0.723933328165602	0	0	0	0.571986718246761	0.628427879795163	1.3580244448345	0	0	0.55355529175207	0.680011024604769	0	0	0	0	0	0	0.868653908163388	0.723851232178156	1.08138064956242	0.875293774533053	0	0.511733937570692	0	0	1.35545523471955	
VLDLR	ENSG00000147852	0	0	0	0	0	0	0	0	0	0	0	0	0	0	0	0	0	0	0	0	0	0	0	0	0	0	0	0	0	0	
CD274	ENSG00000120217	0	0	0	0	0	0	0	0	0	0	0	0	0	0	0	0	0.413246984096257	0	0	0	0	0	0	0	0	0	0	0	0	0	
PTPRD	ENSG00000153707	0	0	0	0.765507960622831	0	0	0	0	0	0	0	0	0	0	0	0	0	0	0	0	0	0	0	0	0	0	0	0	0	0	
TEK	ENSG00000120156	0	0	0	0.765507960622831	0	0	0	0	0	0	0	0	0	0	0	0	0	0	0	0	0	0	0	0	0	0	0	0	0	0	
CNTFR	ENSG00000122756	0	0	0	0	0	0	0	0	0	0	0	0	0	0	0	0	0	0	0	0	0	0	0	0	0	0	0	0	0	0	
IL11RA	ENSG00000137070	0	0	0	0	0	0	0	0	0	0	0	0.674106387705516	0	0.55355529175207	0	0	0	0	0	0	0	0	0	0	0.875293774533053	0	0	0	0	0	
NPR2	ENSG00000159899	0	0	0	0	0	0	0	0	0	0	0	0	0	0	0	0	0	0	0	0	0	0.868653908163388	0	0	0	0	0	0	0	0	
NTRK2	ENSG00000148053	0	0	0	0	0	0	0	0	0	0	0	0	0	0	0.396726871874089	0	0	0	0	0	0	0	0	0	0	0	0	0	0	0	
S1PR3	ENSG00000213694	0	0	0	0	0	0	0.594441066508732	0	0.571986718246761	0	0	0	0	0	0	0	0.413246984096257	0	0	0	0	0	0	0	0	0	0	0	0	0	
ROR2	ENSG00000169071	0	0.697779149369195	0	0	0.723933328165602	0	0.594441066508732	0	0	0	0	0	0	0	0	0	0.413246984096257	0	0	0.856468524793428	0	0	0	0	0	0	0	0	0	0.672693794646323	
GABBR2	ENSG00000136928	0	0	0	0	0	0	0	0	0	0	0	0	0	0	0	0	0	0	0	0	0	0	0	0	0	0	0	0	0	0	
TGFBR1	ENSG00000106799	0	0	0	0	0	0	0	0	0.933567498834603	0	0	0	0	0	0	0.871717564344285	0	0	0	0.856468524793428	0	0	0	0	0.875293774533053	0	0	0	0	0	
GRIN3A	ENSG00000198785	0	0	0	0	0	0	0	0	0	0	0	0	0	0	0	0	0	0	0	0	0	0	0	0	0	0	0	0	0	0	
MUSK	ENSG00000030304	0	0	0	0	0	0	0	0	0	0	0	0	0	0	0	0	0	0	0	0	0	0	0	0	0	0	0	0	0	0	
LPAR1	ENSG00000198121	0	0	0	0	0	0	0	0	0	0	0.893739095543858	0	0	0	0.396726871874089	0	0	0	0	0	0	0	0	0	0	0	0	0	0.649825267066065	0	
TLR4	ENSG00000136869	0	0	0	0	0	0	0	0	0	0	0	0	0	0	0	0	0	0	0	0	0	0	0	0	0	0	0	0	0	0	
GPR107	ENSG00000148358	0	0	0	0	0	0	0	0	0	0	0	0	0	0	0	0	0	0	0	0	0	0	0	0	0	0	0	0	0	0	
GRIN1	ENSG00000176884	0	0	0	0	0	0	0	0	0	0	0	0	0	0	0	0	0	0	0	0	0	0	0	0	0	0	0	0	0	0	
SIGIRR	ENSG00000185187	0	0.697779149369195	0	1.19397474375408	1.55156609912805	0.526219000838714	0.594441066508732	0.706509953989306	0	0	0	0.674106387705516	0.591184531094342	0.55355529175207	0.396726871874089	0	0.413246984096257	0	0	0	0	0.868653908163388	0	0	0	1.0592219897747	0	0	0.649825267066065	0	
DRD4	ENSG00000069696	0	0	0	0	0	0	0	0	0	0	0	0	0	0	0	0	0	0	0	0	0	0	0	0	0	0	0	0	0	0	
CHRNA10	ENSG00000129749	0	0	0	0	0.426094153190795	0	0	0	0	0	0	0	0	0	0	0	0	0	0	0	0	0	0	0	0	0	0	0	0	0	
OR52K2	ENSG00000181963	0	0	0	0	0	0	0	0	0	0	0	0	0	0	0	0	0	0	0	0	0	0	0	0	0	0	0	0	0	0	
OR51E1	ENSG00000180785	0	0	0	0	0	0	0	0	0	0	0	0	0	0	0	0	0	0	0	0	0	0	0	0	0	0	0	0	0	0.672693794646323	
OR51E2	ENSG00000167332	0	0	0	0	0	0	0	0	0	0	0	0	0	0	0	0	0	0	0	0	0	0	0	0	0	0	0	0	0	0	
OR51B4	ENSG00000183251	0	0	0	0	0	0	0	0	0	0	0	0	0	0	0	0	0	0	0	0	0	0	0	0	0	0	0	0	0	0	
OR51I1	ENSG00000167359	0	0	0	0	0	0	0	0	0	0	0	0	0	0	0	0	0	0	0	0	0	0	0	0	0	0	0	0	0	0	
OR52H1	ENSG00000181616	0	0	0	0	0	0	0	0	0	0	0	0	0	0	0	0	0	0	0	0	0	0	0	0	0	0	0	0	0	0	
OR52N4	ENSG00000181074	0	0	0	0	0	0	0	0	0	0	0	0	0	0	0	0	0	0	0	0	0	0	0	0	0	0	0	0	0	0	
CCKBR	ENSG00000110148	0	0	0	0	0	0	0	0	0	0	0	0	0	0	0	0	0	0	0	0	0	0	0	0	0	0	0	0	0	0	
OR5P2	ENSG00000183303	0	0	0	0	0	0	0	0	0	0	0	0	0	0	0	0	0	0	0	0	0	0	0	0	0	0	0	0	0	0	
LYVE1	ENSG00000133800	0	0	0	0	0	0	0	0	0	1.83225603688513	0	0	0	0	0	0	0	0	0	0	0	0	0	0	0	0	0	0	0	0	
NCR3LG1	ENSG00000188211	0	0	0	0	0	0	0	0	0	0	0	0	0	0	0	0	0	0	0	0	0	0	0	0	0	0	0	0	0	0	
LGR4	ENSG00000205213	0	0.697779149369195	0	0	0	0	0	0	0	0	0	0	0	0	0	0	0	0	0	0	0	0	0	0	0	0	0	0	0	0	
CD44	ENSG00000026508	0	0	0	0.765507960622831	0.426094153190795	0.526219000838714	1.77021354495319	0.706509953989306	1.72823404385296	0.628427879795163	0	0.674106387705516	0.960213114735915	0	0.680011024604769	0.871717564344285	1.1141159503646	0	0	0	1.71699539633934	0	0	1.77017312206755	1.33478005597558	1.74227429204333	0	1.19975052848646	1.04042239022042	0.672693794646323	
LDLRAD3	ENSG00000179241	0	0	0	0	0	0	0	0	0	0	0	0	0	0	0	0	0	0	0	0	0	0	0	0	0	0	0	0	0	0	
LRP4	ENSG00000134569	0	0	0	0	0	0	0	0	0	0	0	0	0	0	0	0	0	0	0	0	0	0	0	0	0	0	0	0	0	0	
PTPRJ	ENSG00000149177	0	0	0	0	0	0	0	0	0	0	0.893739095543858	0	0	0	0	0	0.413246984096257	0	0	0	0	0	0.723851232178156	0	0	0	0.511733937570692	0	0.376793357217177	0	
FOLH1	ENSG00000086205	0	0	0	0	0	0	0	0	0	0	0	0	0	0	0	0	0	0	0	0	0	0	0	0	0	0	0	0	0	0	
APLNR	ENSG00000134817	0	0	0	0	0	1.32709704431859	0	0	0	0	0	0	0	0	0	0	0	0	0	0	0	0	0	0	0	0	0	0	0	0	
RTN4RL2	ENSG00000186907	0	0	0	0	0	0	0	0	0	0	0	0	0.960213114735915	0	0	0	0	0	0	0	0	0	0	0	0	0	0	0	0	0	
PTGDR2	ENSG00000183134	0	0	0	0	0	0	0	0	0	0	0	0	0	0	0	0	0	0	0	0	0	0	0	0	0	0	0	0	0	0	
ZP1	ENSG00000149506	0	0	0	0	0	0	0	0	0.571986718246761	0	0	0	0	0	0	0	0	0	0	0	0	0	0	0	0	0.663750871003644	0	0	0	0	
CD6	ENSG00000013725	0	0	0	0	0	0	0	0	0	0	0	0	0	0	0	0	0	0	0	0	0	0	0	0	0	0	0	0	0	0	
CD5	ENSG00000110448	0	0	0	0	0	0	0	0	0	0	0	0	0	0	0	0	0	0	0	0	0	0	0	0	0	0	0	0	0	0	
CHRM1	ENSG00000168539	0	0	0	0	0	0	0	0	0	0	0	0	0	0	0	0	0	0	0	0	0	0	0	0	0	0	0	0	0	0	
GPR137	ENSG00000173264	0.777577404412528	0	1.17965979520657	0	0	0	0	0	0	0.628427879795163	0.893739095543858	0.674106387705516	0	0	0.680011024604769	0.871717564344285	0.413246984096257	0	0.792956928974258	0	0.761713635538117	0	0	0	1.64841636122194	0.663750871003644	0	0	0.649825267066065	0	
LRP5	ENSG00000162337	0	0	0	0	0	0	0	0	0	0.628427879795163	0.893739095543858	0	0	0.55355529175207	0	0	0	0	0	0	0	0	0	0	0	0	0	0.572727312411143	0	0	
MRGPRF	ENSG00000172935	0	0	0	0	0	0	0	0.706509953989306	0	0	0	0	0	0	0.396726871874089	0	0	0	0	0.856468524793428	0	0	0	1.08138064956242	0.875293774533053	0	0.511733937570692	0	0	0	
FOLR1	ENSG00000110195	0	0	0	0	0	0	0.594441066508732	0	0	0	3.44455342446676	2.04587838937836	2.28923560177334	2.60787956428743	0	0	0	0	0	0	0	0	3.6698235467844	0	0	0	0	0	0	0	
FOLR2	ENSG00000165457	0	0	0	0	0	0	0.594441066508732	0	0	0	0	0	0	0	0	0	0	0	0	0	0	0	0	0	0	0	0	0	0	0	
P2RY2	ENSG00000175591	0	0	0	0	0	0	0	0	0	0	0	0	0	0	0	0	0	0	0	0	0	0	0	0	0	0	0	0	0	0	
P2RY6	ENSG00000171631	0	0	0	0	0.426094153190795	0.86921654609485	0.594441066508732	0	0	0	0	0	0	0	0	0	0	0	0	0	0	0	0	0	0	0	0	0	0	0	
RELT	ENSG00000054967	0	0	0	0	0	0	0	0	0	0	0	0	0	0	0	0	0	0	0	0	0	0.868653908163388	0	0	0	0	0	0	0	0	
FZD4	ENSG00000174804	0	0	0	0	0	1.12413783130675	0	0	0	0	0	0	0	0.55355529175207	0	0	0	0	1.22959455885427	0	0	0	0	0	0	0	0	0	0	0	
GRM5	ENSG00000168959	0	0	0	0	0	0	0	0	0	0	0	0	0	0	0	0	0	0	0	0	0	0	0	0	0	0	0	0	0	0	
GPR83	ENSG00000123901	0	0	0	0	0	0	0	0	0	0	0	0	0	0	0	0	0	0	0	0	0	0	0	0	0	0	0	0	0	0	
TMEM123	ENSG00000152558	0.777577404412528	0	0.754540268793794	1.19397474375408	0.426094153190795	0	0.964713487142357	0	0	0.628427879795163	0	0	0	0.55355529175207	0.680011024604769	0.871717564344285	0.704797402630537	0.929326184775751	0.792956928974258	1.31094021141493	1.48745800410619	1.87714175063995	0.723851232178156	0.680251368219615	0.875293774533053	0.663750871003644	0.511733937570692	0	0	0	
GRIA4	ENSG00000152578	0	0	0	0	0	0	0	0	0	0	0	0	0	0	0	0	0	0	0	0	0	0	0	0	0	0	0	0	0	0	
DRD2	ENSG00000149295	0	0	0	0	0	0	0	0	0	0	0	0	0	0	0	0	0	0	0	0	0	0	0	0	0	0	0	0	0	0	
TMPRSS5	ENSG00000166682	0	0	0	0	0	0	0	0	0	0	0	0	0	0	0	0	0	0	0	0	0	0	0	0	0	0	0	0	0	0	
HTR3B	ENSG00000149305	0	0	0	0	0	0	0	0	0	0	0	0	0	0	0	0	0	0	0	0	0	0	0	0	0	0	0	0	0	0	
HTR3A	ENSG00000166736	0	0	0	0	0	0	0	0	0	0	0	0	0	0	0	0	0	0	0	0	0	0	0	0	0	0	0	0	0	0	
TMPRSS13	ENSG00000137747	0	0	0	0	0	0	0	0	0	0	0	0	0	0	0	0	0	0	0	0	0	0	0	0	0	0	0	0	0	0	
IL10RA	ENSG00000110324	0	0	0	0	0	0	0.594441066508732	0	0	0	0	0	0	0	0.396726871874089	0	0	0	0	0	0	0	0	0	0	0	0	0	0	0	
CXCR5	ENSG00000160683	0	0	0	0	0	0	0	0	0	0	0	0	0	0	0	0	0	0	0	0	0	0	0	0	0	0	0	0	0	0	
MCAM	ENSG00000076706	0	0	0	0	0	1.49573242484409	0	0	0	0	0	0	0	0	0	0	0	0	0	0	0	0	0	0	0	0	0	0	0	2.36039043286559	
GRIK4	ENSG00000149403	0	0	0	0	0	0	0	0	0	0	0	0	0	0	0	0	0	0	0	0	0	0	0	0	0	0	0	0	0	0	
SORL1	ENSG00000137642	0	0	0	0	0	0	0	0	0	0	0	0	0.591184531094342	0	0	0	0	0	0	0	0	0	0	0	0.875293774533053	0	0	0	0	0	
CLMP	ENSG00000166250	0.777577404412528	0	0.754540268793794	0	0.426094153190795	0	0	1.11638993151452	0.571986718246761	0	0	0	0	0	0	1.33026039973902	0.704797402630537	0	0	0.856468524793428	0.761713635538117	0	0	1.9237001498108	0	0.663750871003644	0	0	0	0	
ROBO3	ENSG00000154134	0	0	0	0	0.426094153190795	0	0	0	0	1.01135438590137	0	0	0	0	0.680011024604769	0	0	0	0	0	0	0	0	0	0	0	0	1.19975052848646	0	0	
IL15RA	ENSG00000134470	0	0	0	0	0	0	0	0	0	0	0	0	0	0	1.08105878582338	0.871717564344285	0	0	0	0	0	0.868653908163388	0	0	0	1.0592219897747	0	0	0	0	
IL2RA	ENSG00000134460	0	0	0	0	0	0	0	0	0.571986718246761	0	0	0	0	0	0	0	0	0	0	0	0	0	0	0	0	0	0	0	0	0	
MRC1	ENSG00000120586	0	0	0	0	0	0	0	0	0	0	0	0	0	0	0	0	0	0	0	0	0	0	0	0	0	0	0	0	0	0	
MALRD1	ENSG00000204740	0	0	0	0	0	0	0	0	0	0	0	0	0	0	0	0	0	0	0	0	0	0	0	0	0	0	0	0	0	0	
GPR158	ENSG00000151025	0	0	0	0	0	0	0	0	0	0	0	0	0	0	0	0	0	0	0	0	0	0	0	0	0	0	0	0	0	0	
ITGB1	ENSG00000150093	0.777577404412528	0.697779149369195	1.70593547338393	0	1.55156609912805	1.49573242484409	0	0.706509953989306	0	0	0.893739095543858	0	0	0	0	0.871717564344285	0.704797402630537	0.929326184775751	0.792956928974258	0	0	0	0.723851232178156	0	0	0	0.511733937570692	1.40912793015735	0.376793357217177	1.07124707440253	
NRP1	ENSG00000099250	0.777577404412528	0	0.754540268793794	0.765507960622831	0	0.526219000838714	0.594441066508732	0	0	0	0	0.674106387705516	0	0	0.396726871874089	0	0	0	0	0	0	0	0	0	0	0	0	0	0	0	
FZD8	ENSG00000177283	0	0	0	0	0	0	0	0	0	0	0	0	0	0	0	0	0	0	0	0	0	0	0	0	0	0	0	0	0	0	
RET	ENSG00000165731	0	0	0	0	0	0	0	0	0	0	0	0	0	0	0	0	0	0	0	0	0	0	0	0	0	0	0	0	0	0	
OR13A1	ENSG00000256574	0	0	0	0	0	0	0	0	0	0	0	0	0	0	0	0	0	0	0	0	0	0	0	0	0	0	0	0	0	0	
TACR2	ENSG00000075073	0	0	0	0	0	0	0	0	0	0	0	0	0	0	0	0	0	0	0	0	0	0	0	0	0	0	0	0	0	0	
NPFFR1	ENSG00000148734	0	0	0	0	0	0	0	0	0	0	0	0	0	0	0	0	0	0	0	0	0	0	0	0	0	0	0	0	0	0	
UNC5B	ENSG00000107731	0	0	0	0	0	1.12413783130675	0	0	0.933567498834603	0	0	0	0	0	0.90050651002756	0	0.704797402630537	0	0	0	0	0	0	0	0.875293774533053	0	0	0	0	0	
GRID1	ENSG00000182771	0	0	0	0	0	0	0	0	0	0	0	0	0	0	0	0	0	0	0	0	0	0	0	0	0	0	0	0	0	0	
OPN4	ENSG00000122375	0	0	0	0	0	0	0	0	0	0	0	0	0	0	0	0	0	0	0	0	0	0	0	0	0	0	0	0	0	0	
BMPR1A	ENSG00000107779	0.777577404412528	0	0	0	0	0	0	0	0	0	0	0	0.591184531094342	0.55355529175207	0	0	0	0	0	0.856468524793428	0	0	0	0	0	0	0	0	0	0	
FAS	ENSG00000026103	0	0	0.754540268793794	0	0.953121986960103	0	0	0	0	0	0.893739095543858	0	0	0	0.396726871874089	0.871717564344285	0	0.929326184775751	0	0	0	0	0	1.3668877384202	1.33478005597558	0	0	0	0	0	
HTR7	ENSG00000148680	0	0	0	0	0	0	0	0	0	0	0	0	0	0	0	0	0	0	0	0	0	0	0	0	0	0	0	0	0	0	
FFAR4	ENSG00000186188	0	0	0	0	0	0	0	0	0	0	0	0	0	0	0	0	0	0	0	0	0	0	0	0	0	0	0	0	0	0	
PKD2L1	ENSG00000107593	0	0	0	0	0	0	0	0	0	0	0	0	0	0	0	0	0	0	0	0	0	0	0	0	0	0	0	0	0	0	
SORCS3	ENSG00000156395	0	0	0	0	0	0	0	0	0	0	0	0	0	0	0	0	0	0	0	0	0	0	0	0	0	0	0	0	0	0	
SORCS1	ENSG00000108018	0	0	0	0	0	0	0	0	0	0	0	0	0	0	0	0	0	0	0	0	0	0	0	0	0	0	0	0	0	0	
ADRA2A	ENSG00000150594	0	0	0	0	0	0	0	0	0	0	0	0	0	0	0	0	0	0	0	0	0	0	0	0	0	0	0	0	0	0	
ADRB1	ENSG00000043591	0	0	0	0	0	0	0	0	0	0	0	0	0	0	0	0	0	0	0	0	0	0	0	0	0	0	0	0	0	0	
GFRA1	ENSG00000151892	0	0	0	0	0	0	0	0	0	0	0	0	0	0	0	0	0	0	0	0	0	0	0	0	0	0	0	0	0	0	
PRLHR	ENSG00000119973	0	0	0	0	0	0	0	0	0	0	0	0	0	0	0	0	0	0	0	0	0	0	0	0	0	0	0	0	0	0	
FGFR2	ENSG00000066468	0	0	0	0	0.426094153190795	0	0	0	0	0	0	0	0	0	0	0	0	0	0	0	0	0	0	0	0	0	0	0	0	0	
CALY	ENSG00000130643	0	0	0	0	0	0	0	0	0	0	0	0	0	0	0	0	0	0	0	0	0	0	0	0	0	0	0	0	0	0	
ADIPOR2	ENSG00000006831	0	0	0.754540268793794	0	0	0	0	0	0	0	0.893739095543858	0	0	0	0	0	0.413246984096257	0	0	0	0	0	0	0	0	0	0	0	0	2.85137959492557	
TNFRSF1A	ENSG00000067182	1.20967283031442	0	0.754540268793794	0	0.723933328165602	0	0	0.706509953989306	1.19856343271331	1.68144323949714	0.893739095543858	0.674106387705516	0	0.55355529175207	0.680011024604769	0.871717564344285	1.40371918852262	0	0.792956928974258	0	0.761713635538117	0.868653908163388	0	0.680251368219615	0.875293774533053	0	1.46808309446193	0.572727312411143	0	0	
LTBR	ENSG00000111321	0	0	0	0.765507960622831	0	0	0.594441066508732	0.706509953989306	1.19856343271331	0	0	0	0	0	0	0.871717564344285	0.413246984096257	0	0	0.856468524793428	0	0	0	0	0	1.0592219897747	0	0	0	0	
CD27	ENSG00000139193	0	0	0	0	0	0	0	0	0	0	0	0	0	0	0	0	0.704797402630537	0	0	0	0	0	0	0	0	0	0	0	0	0	
LPAR5	ENSG00000184574	0	0	0	0	0	0	0	0	0	0	0	0	0	0	0	0	0	0	0	0	0	0	0	0	0	0	0	0	0	0	
GPR162	ENSG00000250510	0	0	0	0	0	0	0	0	0	0	0	0	0	0	0.396726871874089	0	0	0	0	0	0	0	0	0	0	0	0	0	0	0.672693794646323	
CD163L1	ENSG00000177675	0	0	0	0	0	0	0	0	0	0	0	0	0	0	0	0	0	0	0	0	0	0	0	0	0	0	0	0	0	0	
CD163	ENSG00000177575	0	0	0	0	0	0	0	0	0	0	0	0	0	0	0	0	0	0	0	0	0	0	0.723851232178156	0	0.875293774533053	0	0	0	0	0	
C3AR1	ENSG00000171860	0	0	0	0	0	0	0.594441066508732	0	0	0	0	0	0	0	0.396726871874089	0	0	0	0	0	0	0	0.723851232178156	0	0	0	0	0	0	0	
M6PR	ENSG00000003056	0	0	0	0.765507960622831	0.426094153190795	0.526219000838714	0.594441066508732	0	1.19856343271331	0	0	0	0.591184531094342	0	0	0	0.413246984096257	0	0	0.856468524793428	0	0.868653908163388	1.13934504091892	0.680251368219615	0.875293774533053	0	0	0	0	0.672693794646323	
KLRG1	ENSG00000139187	0	0	0	0	0	0	0	0	0	0	0	0	0	0	0	0	0	0	0	0	0	0	0	0	0	0	0	0	0	0	
KLRB1	ENSG00000111796	0	0	0	0	0	0	0	0	0	0	0	0	0	0	0	0	0	0	0	0	0	0	0	0	0	0	0	0	0	0	
KLRF1	ENSG00000150045	0	0	0	0.765507960622831	0	0	0	0	0	0	0	0	0	0	0	0	0	0	0	0	0	0	0	0	0	0	0	0	0	0	
CLEC12A	ENSG00000172322	0	0	0	0	0	0	0.594441066508732	0	0	0	0	0	0	0	0	0	0	0	0	0	0	0	0	0	0	0	0	0	0	0	
CLEC7A	ENSG00000172243	0	0	0	0	0	0	0	0	0	0	0	0	0	0	0	0	0	0	0	0	0	0	0	0	0	0	0	0	0	0	
OLR1	ENSG00000173391	0	0	0	0	0	0	0	0	0	0	0	0	0.591184531094342	0.55355529175207	0	0	0	0	0	0	0	0	0	0	0	0	0	0	0	0	
KLRK1	ENSG00000213809	0	0	0	0	0	0	0	0	0	0	0	0	0	0	0	0	0	0	0	0	0	0	0	0	0	0	0	0	0	0	
KLRC3	ENSG00000205810	0	0	0	0	0	0	0	0	0	0	0	0	0	0	0	0	0	0	0	0	0	0	0	0	0	0	0	0	0	0	
KLRC2	ENSG00000205809	0	0	0	0	0	0	0	0	0	0	0	0	0	0	0	0	0	0	0	0	0	0	0	0	0	0	0	0	0	0	
KLRC1	ENSG00000134545	0	0	0	0	0	0	0	0	0	0	0	0	0	0	0	0	0.704797402630537	0	0	0	0	0	0	0	0	0	0	0	0	0	
TAS2R10	ENSG00000121318	0	0	0	0	0	0	0	0	0	0	0	0	0	0	0	0	0	0	0	0	0	0	0	0	0	0	0	0	0	0	
TAS2R14	ENSG00000212127	0	0	0	0	0	0	0	0	0	0	0	0	0	0	0	0	0	0	0	0	0	0	0	0	0	0	0	0	0	0	
TAS2R20	ENSG00000255837	0	0	0	0	0	0	0	0	0	0	0	0	0	0	0	0	0	0	0	0	0	0	0	0	0	0	0	0	0	0	
TAS2R19	ENSG00000212124	0	0	0	0	0	0	0	0	0	0	0	0	0	0	0	0	0	0	0	0	0	0	0	0	0	0	0	0	0	0	
TAS2R46	ENSG00000226761	0	0	0	0	0	0	0	0	0	0	0	0	0	0	0	0	0	0	0	0	0	0	0	0	0	0	0	0	0	0	
TAS2R30	ENSG00000256188	0	0	0	0	0	0	0	0	0	0	0	0	0	0	0	0	0	0	0	0	0	0	0	0	0	0	0	0	0	0	
LRP6	ENSG00000070018	0	0	0	0	0	0	0	0	0	0	0	0	0	0	0	0	0	0	0	0	0	0	0	0	0	0	0	0	0	0	
GPR19	ENSG00000183150	0	0	0	0	0	0	0	0	0	0	0	0	0	0	0	0	0	0	0	0	0	0	0	0	0	0	0	0	0	0	
GPRC5A	ENSG00000013588	0	0	0	0	0	0	0	0	0	0	0	0	0.591184531094342	0.90779571539102	0	0	0	0	0	0	0	0	1.65812183490357	0	0	0	0	0.572727312411143	0.376793357217177	0	
GPRC5D	ENSG00000111291	0	0	0	0	0	0	0	0	0	0	0	0	0	0	0	0	0	0	0	0	0	0	0	0	0	0	0	0	0	0	
GUCY2C	ENSG00000070019	0	0	0	0	0	0	0	0	0	0	0	0	0	0	0	0	0	0	0	0	0	0	0	0	0	0	0	0	0	0	
PTPRO	ENSG00000151490	0	0	0	0	0	0	0	0	0	0	0	0	0	0	0	0	0	0	0	0	0	0	0	0	0	0	0	0	0	0	
ABCC9	ENSG00000069431	0	0	0	0	0	0	0	0	0	0	0	0	0	0	0	0	0	0	0	0	0	0	0	0	0	0	0	0	0	0	
OR8S1	ENSG00000197376	0	0	0	0	0	0	0	0	0	0	0	0	0	0	0	0	0	0	0	0	0	0	0	0	0	0	0	0	0	0	
ACVRL1	ENSG00000139567	0	0	0	0.765507960622831	0.426094153190795	0	0	0	0	0.628427879795163	0	0	0	0	0	0	0.413246984096257	0.929326184775751	0.792956928974258	0	0	1.32638511571163	0	0	0	0	0	0	0.376793357217177	0	
ACVR1B	ENSG00000135503	0	0	0	0	0.426094153190795	0	0	0	0	0	0	0	0	0.55355529175207	0	0	0	0	0	0	0	0	0	0	0	0	0	0	0	0	
AMHR2	ENSG00000135409	0	0	0	0	0	0	0	0	0	0	0	0	0	0	0	0	0	0	0	0	0	0	0	0	0	0	0	0	0	0	
GPR84	ENSG00000139572	0	0	0	0	0	0	0	0	0	0	0	0	0	0	0	0	0	0	0	0	0	0	0	0	0	0	0	0	0	0	
ITGA5	ENSG00000161638	0	1.10478349151056	0	0	0	1.12413783130675	0.594441066508732	0.706509953989306	0.933567498834603	0	0	0	0	0	1.08105878582338	0.871717564344285	1.40371918852262	0	1.22959455885427	0.856468524793428	0	0	0	0.680251368219615	0	2.14435166710359	0	0	0	0	
ERBB3	ENSG00000065361	0	0	0	0	0	0	0	0	0	0	0	0	0	0	0	0	0	0	0	0	0	0	0	0	0	0	0	0	0	0	
GPR182	ENSG00000166856	0	0	0	0	0	0	0	0	0	0	0	0	0	0	0	0	0	0	0	0	0	0	0	0	0	0	0	0	0	0	
LRP1	ENSG00000123384	1.51040875805983	0.697779149369195	0	0	1.43212530610623	0	0.594441066508732	0	0.571986718246761	0	0	0	0	0	0	0	0.704797402630537	0	0	0.856468524793428	1.18902783532812	0.868653908163388	0	0.680251368219615	0	1.0592219897747	0	1.19975052848646	0.649825267066065	0	
AVPR1A	ENSG00000166148	0	0	0	0	0	0	0	0	0	0	0	0	0	0	0	0	0	0	0	0	0	0	0	0	0	0	0	0	0	0	
PTPRB	ENSG00000127329	0	0	0	2.96534420289507	0	0.526219000838714	0	0	0	0.628427879795163	0	0	0	0	0	0	0	0	0.792956928974258	0	0	0	0	0	0	0	0	0	0	0	
PTPRR	ENSG00000153233	0	0	0	0	0	0	0	0	0	0	0	0	0	0	0	0	0	0	0	0	0	0	0	0	0	0	0	0	0	0	
LGR5	ENSG00000139292	0	0	0	0	0	0	0	0	0	0	0	0	0	0	0	0	0	0	0	0	0	0	0	0	0	0	0	0	0	0	
PTPRQ	ENSG00000139304	0	0	0	0	0	0	0	0	0	0	0	0	0	0	0	0	0	0	0	0	0	0	0	0	0	0	0	0	0	0	
STAB2	ENSG00000136011	0	0	0	0	0	0	0	0	0	0.628427879795163	0	0	0	0	0	0	0	0	0	0	0	0	0	0	0	0	0	0	0	0	
CMKLR1	ENSG00000174600	0	0	0	0	0	0	0	0	0	0	0	0	0	0.55355529175207	0	0	0	0	0	0	0	0	0	0	0	0	0	0	0	0	
TRPV4	ENSG00000111199	0	0	0	0	0	0	0	0	0	0	0	0	0	0	0	0	0	0	0	0	0	0	0	0	0	0	0	0	0	0	
P2RX7	ENSG00000089041	0	0	0	0	0	0	0	0	0	0	0	0	0	0	0	0	0	0	0	0	0	0	0	0	0	0	0	0	0	0	
P2RX4	ENSG00000135124	0	0	0	0	0	0	0	0	0	0	0	0	0.960213114735915	0	0.396726871874089	0	0	0	1.22959455885427	0.856468524793428	0	0.868653908163388	0.723851232178156	0	0	0	0	0	0.376793357217177	0.672693794646323	
HCAR2	ENSG00000182782	0	0	0	0	0	0	0	0	0	0	0	0	0	0	0	0	0	0	0	0	0	0	0	0	0	0	0	0	0	0	
HCAR3	ENSG00000255398	0	0	0	0	0	0	0	0	0	0	0	0	0	0	0	0	0	0	0	0	0	0	0	0	0	0	0	0	0	0	
HCAR1	ENSG00000196917	0	0	0	0	0	0	0	0	0	0	0	0	0	0	0	0	0	0	0	0	0	0	0	0	0	0	0	0	0	0	
SCARB1	ENSG00000073060	0	0	0	0	0	0	0.594441066508732	0	0	0	0	0	0	0	0	0.871717564344285	0	0.929326184775751	0	0	0	0	0	0	0	0	0.511733937570692	0	0	0	
FZD10	ENSG00000111432	0	0	0	0	0	0	0	0	0	0	0	0	0	0	0	0	0	0	0	0	0	0	0	0	0	0	0	0	0	0	
P2RX2	ENSG00000187848	0	0	0	0	0	0	0	0	0	0	0	0	0	0	0	0	0	0	0	0	0	0	0	0	0	0	0	0	0	0	
TNFRSF19	ENSG00000127863	0	0.697779149369195	0	0	0	0	0	0	0	0	0	0	0	0	0	0	0	0	0	0	0	0	0.723851232178156	0	0	0	0	0	0	0	
GPR12	ENSG00000132975	0	0	0	0	0	0	0	0	0	0	0	0	0	0	0	0	0	0	0	0	0	0	0	0	0	0	0	0	0	0	
FLT3	ENSG00000122025	0	0	0	0	0	0	0	0	0	0	0	0	0	0	0	0	0	0	0	0	0	0	0	0	0	0	0	0	0	0	
FLT1	ENSG00000102755	0	0	0	0.765507960622831	0	1.12413783130675	0	0	0	0	0	0	0	0	0	0	0	0	1.22959455885427	0	0	0	0	0	0	0	0	0	0	0	
SLC7A1	ENSG00000139514	0	0	0	0	0	0.526219000838714	0	0	0	0	0.893739095543858	0	0	0	0.396726871874089	0	0	0	0	0	0	0	0	0	0	0	0	0	0	0	
HTR2A	ENSG00000102468	0	0	0	0	0	0	0	0	0	0	0	0	0	0	0	0	0	0	0	0	0	0	0	0	0	0	0	0	0	0	
LPAR6	ENSG00000139679	0	0	0	0	0	0	0	0	0	0	0	0	0	0	0	0	0	0	0.792956928974258	0	0	0	0	0	0	0	0	0	0	0	
CYSLTR2	ENSG00000152207	0	0	0	0	0	0	0	0	0	0	0	0	0	0	0	0	0	0	0	0	0	0	0	0	0	0	0	0	0	0	
EDNRB	ENSG00000136160	0	0	0	0.765507960622831	0	0	0	0	0	1.01135438590137	0	0	0	0	0	0	0	0	0	0	0.761713635538117	0	0	0	0	0	0	0	0	0.672693794646323	
GPR180	ENSG00000152749	0	0	0	0	0	0	0	0	0	0	0	0	0	0	0	0	0	0	0	0	0	0	0	0	0	0	0	0	0	0	
OXGR1	ENSG00000165621	0	0	0	0	0	0	0	0	0	0	0	0	0	0	0	0	0	0	0	0	0	0	0	0	0	0	0	0	0	0	
GPR18	ENSG00000125245	0	0	0	0	0	0	0	0	0	0	0	0	0	0	0	0	0	0	0	0	0	0	0	0	0	0	0	0	0	0	
GPR183	ENSG00000169508	0	0	0	0	0	0	0	0	0	0	0	0	0	0	0	0	0	0	0	0	0	0	0	0.680251368219615	0	0	0	0	0	0	
EFNB2	ENSG00000125266	0	0	0	0	0	0	0	0	0	0	0	0	0	0	0	0	0	0	0.792956928974258	0	0	0	0	0	0	0	0	0	0	0	
LRP10	ENSG00000197324	1.74130360427001	0	0	0	0.723933328165602	1.12413783130675	0	0.706509953989306	0.933567498834603	0	0	0	0.591184531094342	1.3756642665971	0.680011024604769	0.871717564344285	0	0.929326184775751	1.22959455885427	0.856468524793428	0	0.868653908163388	1.13934504091892	0	0.875293774533053	0	0	0.934599106454664	0.376793357217177	1.07124707440253	
SLC22A17	ENSG00000092096	0.777577404412528	0	0	0	0.426094153190795	0	0	0	0	0	0	0	0	0	0.396726871874089	0	0.413246984096257	0	0	0	0	0	0.723851232178156	0	0	0	0	0	0	0	
LTB4R2	ENSG00000213906	0	0	0	0	0	0	0	0	0	0	0	0	0	0	0	0	0	0	0	0	0	0	0	0	0	0	0	0	0	0	
LTB4R	ENSG00000213903	0	0	0	0	0	0	0	0	0	0.628427879795163	0	0	0	0	0	0	0	0	0	0	0	0	0	0	0	0	0	0	0	0	
SSTR1	ENSG00000139874	0	0	0	0	0	0	0	0	0	0	0	0	0	0	0	0	0	0	0	0	0	0	0	0	0	0	0	0	0	0	
PTGDR	ENSG00000168229	0	0	0	0	0	0	0	0.706509953989306	0	0	0	0	0	0	0	0	0	0	0	0	0	0	0	0	0	0	0	0	0	0	
PTGER2	ENSG00000125384	0	0	0	0	0	0	0	0.706509953989306	0	0	0	0	0	0	0	0	0	0	0	0	0	0	0	0	0	0	0	0	0.376793357217177	0	
GPR137C	ENSG00000180998	0	0	0	0	0	0	0	0	0	0	0	0	0	0	0	0	0	0	0	0	0	0	0	0	0	0	0	0	0	0	
FLVCR2	ENSG00000119686	0	0	0	0	0	0	0	0	0	0	0.893739095543858	0	0	0	0	0	0	0	0	0	0	0	0	0	0	0	0	0	0.376793357217177	0	
TSHR	ENSG00000165409	0	0	0	0	0	0	0	0	0	0	0	0	0	0	0	0	0	0	0	0	0	0	0	0	0	0	0	0	0	0	
GPR65	ENSG00000140030	0	0	0	0	0	0	0	0	0	0	0	0	0	0	0	0	0	0	0	0	0	0	0	0	0	0	0	0	0	0.672693794646323	
GPR68	ENSG00000119714	0	0	0	0	0	0	0.594441066508732	0	0.933567498834603	0	0	0	0	0	0.396726871874089	0.871717564344285	0.413246984096257	0	0	0	0.761713635538117	0	0	0	0	0.663750871003644	0	0	0	0	
BDKRB2	ENSG00000168398	0	0	0	0	0	0.86921654609485	0	0.706509953989306	0	0	0	0	0	0	0	0	0.413246984096257	0	0	0	0	0	0	0	0	0	0.511733937570692	0	0	0	
BDKRB1	ENSG00000100739	0	0	0	0	0	0	0	0	0	0	0	0	0	0	0	0	0	0	0	0	0	0	0	0	0	0	0	0	0	0	
GPR132	ENSG00000183484	0	0	0	0	0	0	0	0	0	0	0	0	0	0	0	0	0	0	0	0	0	0	0	0	0	0	0	0	0	0	
GABRB3	ENSG00000166206	0	0	0	0	0	0	0	0	0	0	0	0	0	0	0	0	0	0	0	0	0	0	0	0	0	0	0	0	0	0	
CHRNA7	ENSG00000175344	0	0	0	0	0	0	0	0	0	0	0	0	0	0	0	0	0	0	0	0	0	0	0	0	0	0	0	0	0	0	
CHRM5	ENSG00000184984	0	0	0	0	0	0	0	0	0	0	0	0	0	0	0	0	0	0	0	0	0	0	0	0	0	0	0	0	0	0	
GPR176	ENSG00000166073	0	0	0	0	0	0	0	0.706509953989306	0	0	0	0	0.591184531094342	0	0	0	0	0	0	0	0	0.868653908163388	0	1.08138064956242	0	0	0.84859519911729	0.572727312411143	0	0	
LTK	ENSG00000062524	0	0	0	0	0	0	0	0	0	0	0	0	0	0	0	0	0	0	0	0	0	0	0	0	0	0	0	0	0	0	
TYRO3	ENSG00000092445	0	0	0	0	0	0.86921654609485	0	0	0	0	0	0	0	0	0	0	0	0	0	0	0	0	0	0	0	0	0	0	0	0	
NPTN	ENSG00000156642	0	0.697779149369195	0	0	0.426094153190795	0.86921654609485	0	0.706509953989306	0	0.628427879795163	0.893739095543858	0	0	0.55355529175207	0	0	0	0	0	0.856468524793428	0	0	1.13934504091892	1.08138064956242	0.875293774533053	0	0.511733937570692	0.934599106454664	0	0	
CHRNA5	ENSG00000169684	0	0	0	0	0	0	0	0	0	0	0	0	0	0	0	0	0	0	0	0	0	0	0	0	0	0	0	0	0	0	
CHRNA3	ENSG00000080644	0	0	0	0	0	0	0	0	0	0	0	0	0	0	0	0	0	0	0	0	0	0	0	0	0	0	0	0	0	0	
CHRNB4	ENSG00000117971	0	0	0	0	0	0	0	0	0	0	0	0	0	0	0	0	0	0	0	0	0	0	0	0	0	0	0	0	0	0	
NTRK3	ENSG00000140538	0	0	0	0	0	0	0	0	0	0	0	0	0	0	0	0	0	0	0	0	0	0	0	0	0	0	0	0	0	0	
ANPEP	ENSG00000166825	0	1.10478349151056	0	0	0	0	0	0	0	0	0	0	0	0	0.396726871874089	0	0	0.929326184775751	0	0	0	0	0	0	0	0	0	0.572727312411143	0	0.672693794646323	
FURIN	ENSG00000140564	0	0	0	0	0	0.86921654609485	0	0.706509953989306	0	0	0	0	0	0	0	0	0	0	0	0	0	0	0	0	0	0	0	0	0	0.672693794646323	
RGMA	ENSG00000182175	0	0.697779149369195	0	0.765507960622831	0	0	0	0	0.571986718246761	0	0	0	0	0	0	0	0	0	0	0	0	0	0	0	0	0	0	0	0	0.672693794646323	
IGF1R	ENSG00000140443	0	0	0	0	0	0	0.964713487142357	0.706509953989306	0	0	0	0	0	0	0.396726871874089	0	0	0	0	0	0.761713635538117	0	0	0.680251368219615	0	0	0	0	0	0	
PKD1	ENSG00000008710	0.777577404412528	0	0	0	0.426094153190795	0	0	0	0.571986718246761	0	0	0	0	0	0.396726871874089	0	0.413246984096257	0	0	0	0	0	0	0	0	0	0	0.572727312411143	0	0	
GRIN2A	ENSG00000183454	0	0	0	0	0	0	0	0	0	0	0	0	0	0	0	0	0	0	0	0	0	0	0	0	0	0	0	0	0	0	
TNFRSF17	ENSG00000048462	0	0	0	0	0	0	0	0	0	0	0	0	0	0	0	0	0	0	0	0	0	0	0	0	0	0	0	0	0	0	
GPRC5B	ENSG00000167191	0	0	0	0	0	0	0	0	0	0	0	0	0	0	0	0	0	0	0	0	0	0	0	0	0	0	0	0	0	0	
IL4R	ENSG00000077238	0	0	0	0	0.426094153190795	0.526219000838714	0.964713487142357	0	0	0	0	0	0	0.55355529175207	0.396726871874089	0	0.413246984096257	0	0.792956928974258	0	0	0	0	0	0.875293774533053	1.0592219897747	0	0	0	0	
IL21R	ENSG00000103522	0	0	0	0	0	0	0	0	0	0	0	0	0	0	0	0	0	0	0	0	0	0	0	0	0	0	0	0	0	0	
SEZ6L2	ENSG00000174938	0	0	0	0	0.953121986960103	0	0.594441066508732	0	0	0	1.3580244448345	0.674106387705516	0	0	0	0	0	0	0.792956928974258	0	0.761713635538117	0	0	0	0	0	0	0	0.376793357217177	0	
ITGAM	ENSG00000169896	0	0	0	0	0	0	0	0	0.571986718246761	0	0	0	0	0	0	0	0	0	0	0	0	0	0	0	0	0	0	0	0	0	
ITGAX	ENSG00000140678	0	0	0	0	0	0	0.594441066508732	0	0.571986718246761	0	0	0	0	0	0	0	0	0	0	0	0	0	0	0	0	0	0	0	0	0	
CDH1	ENSG00000039068	0	0	0	0	0	0	0	0	0	0	0	0	0	0	0	0	0	0	0	0	0	0	0.723851232178156	0	0	0	0	0	0	0	
PKD1L3	ENSG00000187008	0	0	0	0	0	0	0	0	0	0	0	0	0	0	0	0	0	0	0	0	0	0	0	0	0	0	0	0	0	0	
MC1R	ENSG00000258839	0	0	0	0	0	0	0	0	0	0	0	0	0	0	0	0	0	0	0	0	0	0	0	0	0.875293774533053	0	0	0	0	0	
SCARF1	ENSG00000074660	0	0	0	0	0	0	0	0	0	0.628427879795163	0	0	0	0	0	0	0	0	0	0	0	0	0	0	0	0	0	0	0	0	
RTN4RL1	ENSG00000185924	0	0	0	0	0	0	0	0	0	0	0	0	0.591184531094342	0	0	0	0	0	0	0	0	0	0	0	0	0	0	0	0	0	
P2RX1	ENSG00000108405	0	0	0	0	0	0	0	0	0	0	0	0	0	0	0	0	0	0	0	0	0	0	0	0	0	0	0	0	0	0	
CXCL16	ENSG00000161921	0	0	0	0	0	0	1.23432360154957	0	0.933567498834603	0	2.10672340750745	0	1.2291666626699	0.90779571539102	0.396726871874089	0	0	0	0	0	0	0.868653908163388	0.723851232178156	0	0	0	0	0.572727312411143	0	0	
CHRNE	ENSG00000108556	0	0	0	0	0	0	0	0	0	0	0	0	0	0.55355529175207	0	0	0	0	0	0	0	0	0	0	0	0	0	0	0	0	
SLC52A1	ENSG00000132517	0	0	0	0	0	0	0	0	0	0	0	0	0	0	0	0	0	0	0	0	0	0	0	0	0	0	0	0	0	0	
ASGR2	ENSG00000161944	0	0	0	0	0	0	0	0	0	0	0	0	0	0	0	0	0	0	0	0	0	0	0	0	0	0	0	0	0	0	
ASGR1	ENSG00000141505	0	0	0	0	0	0	0	0	0	0.628427879795163	0	0	0	0	0	0	0	0	1.22959455885427	0	0	0	0	0	0	0	0	0	0	0	
CHRNB1	ENSG00000170175	0.777577404412528	0.697779149369195	0	0.765507960622831	0	0	0	0	0.571986718246761	0	0	0	0	0.55355529175207	0	0	0	0	0	0	0	0	0	0	0	0	0	0	0	0	
CD68	ENSG00000129226	0.777577404412528	1.10478349151056	0.754540268793794	0	0	0	1.89973531952748	0.706509953989306	1.19856343271331	0	0	0	0	0	1.08105878582338	1.64346093862509	0.930254799141195	0.929326184775751	0	0	0	0.868653908163388	0	1.08138064956242	0	2.02741664126048	0	0.572727312411143	0.649825267066065	0	
GLP2R	ENSG00000065325	0	0	0	0	0	0	0	0	0	0	0	0	0	0	0	0	0	0	0	0	0	0	0	0	0	0	0	0	0	0	
ADORA2B	ENSG00000170425	0	0	0	0	0.426094153190795	0	0	0	0	0	0	0	0	0	0	0	0	0	0	0	0	0	0	0	0	0	0	0	0	0	
TRPV2	ENSG00000187688	0.777577404412528	0	0	0	0	0.526219000838714	0	0	0	1.28757375420407	0	0	0	0	0.396726871874089	0	0	3.23965175841811	0	1.31094021141493	0	0.868653908163388	0	0	0	0	0	0	0	0	
TNFRSF13B	ENSG00000240505	0	0	0	0	0	0	0	0	0	0	0	0	0	0	0	0	0	0	0	0	0	0	0	0	0	0	0	0	0	0	
GPR179	ENSG00000188888	0	0	0	0	0	0	0	0	0	0	0	0	0	0	0	0	0	0	0	0	0	0	0	0	0	0	0	0	0	0	
ERBB2	ENSG00000141736	0	0	0.754540268793794	0	0.426094153190795	0	0	0	0.571986718246761	0	0	0	0	0	0	0	0	0	0	0	0	0	0	0	0	0	0	0	0	0	
CCR7	ENSG00000126353	0	0	0	0	0	0	0	0	0	0	0	0	0	0	0	0	0	0	0	0	0	0	0	0	0	0	0	0	0	0	
CCR10	ENSG00000184451	0	0	0	0	0	0	0	0	0	0	0	0	0	0	0	0	0	0	0	0	0	0	0	0	0	0	0	0	0	1.07124707440253	
RAMP2	ENSG00000131477	0	0	0.754540268793794	2.90423597324366	0	3.04847188993451	0	0	0	2.27691960286848	0	0	0	0	0	0	0	0	1.95297183875224	0	0	0	0	0	0	0	0	0	0	0	
FZD2	ENSG00000180340	0	0	0	0	0	0	0	0	0	0	0	0	0	0	0	0	0	0	0	0	0	0	0	0	0	0	0	0	0	0	
CRHR1	ENSG00000120088	0	0	0	0	0	0	0	0	0	0	0	0	0	0	0	0	0	0	0	0	0	0	0	0	0	0	0	0	0	0	
NGFR	ENSG00000064300	0	0	0	0	0	0	0	0	0	0	0	0	0	0	0	0	0	0	0	0	0	0	0	0	0	0	0	0	0	0	
ITGA3	ENSG00000005884	0	0	0	0.765507960622831	0.426094153190795	0.526219000838714	0	0	0	0	0.893739095543858	0.674106387705516	0.591184531094342	0	0	0	0	0	0	0	0	0	1.13934504091892	0	0	0	0	0	0.376793357217177	0	
MRC2	ENSG00000011028	0	0.697779149369195	1.17965979520657	0	0.953121986960103	0	0	0	0	0	0	0	0	0.55355529175207	0.396726871874089	0.871717564344285	0.704797402630537	0.929326184775751	0	0	0	0	0	0	0.875293774533053	0.663750871003644	0.511733937570692	0	0	0	
CD79B	ENSG00000007312	0	0	0	0	0	0.526219000838714	0	0	0	0	0	0	0	0	0	0	0.413246984096257	0	0	0	0	0	0	0	0	0	0	0	0	0	
SSTR2	ENSG00000180616	0	0	0	0	0	0	0	0	0	0	0	0	0	0	0	0	0	0	0	0	0	0	0	0	0	0	0	0	0	0	
GPRC5C	ENSG00000170412	0	0	0	1.19397474375408	0.426094153190795	0	0	0	0	0	0	1.35759546618832	0.960213114735915	0	0	0	0	0	0	0	0	0.868653908163388	0.723851232178156	0	0	0	0	0	0	0.672693794646323	
GRIN2C	ENSG00000161509	0	0	0	0	0	0	0	0	0	0	0	0	0	0	0	0	0	0	0	0	0	0	0	0	0	0	0	0	0	0	
GALR2	ENSG00000182687	0	0	0	0	0	0	0	0	0	0	0	0	0	0	0	0	0	0	0	0	0	0	0	0	0	0	0	0	0	0	
GCGR	ENSG00000215644	0	0	0	0	0	0	0	0	0	0	0	0	0	0	0	0	0	0	0	0	0	0	0	0	0	0	0	0	0	0	
PTPRM	ENSG00000173482	0	0	0	0.765507960622831	0	0	0	0	0	0.628427879795163	0	0	0	1.16884662524313	0	0	0	0	0	0	0	0	0	0	0	0	0	0	0	0	
LDLRAD4	ENSG00000168675	0	0	0	0	0	0	0	0	0	0.628427879795163	0	0	0	0	0	0	0	0	0	0	0	0	0	0	0	0	0	0	0	0	
HRH4	ENSG00000134489	0	0	0	0	0	0	0	0	0	0	0	0	0	0	0	0	0	0	0	0	0	0	0	0	0	0	0	0	0	0	
CDH2	ENSG00000170558	0	0	0	0	0	0	0	0	0.571986718246761	0	0	0	0	0	0.396726871874089	0	0	0	0	0	0	0	0	0	0	0.663750871003644	0	0.934599106454664	0	0	
DCC	ENSG00000187323	0	0	0	0	0	0	0	0	0	0	0	0	0	0.55355529175207	0	0	0	0	0	0	0	0	0	0	0	0	0	0	0	0	
MC4R	ENSG00000166603	0	0	0	0	0	0	0	0	0	0	0	0	0	0	0	0	0	0	0	0	0	0	0	0	0	0	0	0	0	0	
TNFRSF11A	ENSG00000141655	0	0	0	0	0	0	0	0	0	0	0	0	0	0	0	0	0	0	0	0	0	0	0	0	0	0	0	0	0	0	
GALR1	ENSG00000166573	0	0	0	0	0	0	0	0	0	0	0	0	0	0	0	0	0	0	0	0	0	0	0	0	0	0	0	0	0	0	
SIRPB2	ENSG00000196209	0	0	0	0	0	0	0	0	0.571986718246761	0	0	0	0	0	0	0	0	0	0	0	0	0	0	0	0	0	0	0	0	0	
SIRPA	ENSG00000198053	0	0	0	0	0	0	0	0	0.571986718246761	0.628427879795163	0	0	0	0	0	0	0.413246984096257	0	0	0	0.761713635538117	0	0	0	0.875293774533053	0	0.511733937570692	0	0	0	
PTPRA	ENSG00000132670	0	0.697779149369195	0	0	0.426094153190795	0.526219000838714	0	0	0	0	0	0	0	0	0.90050651002756	0	0	0	0	0	0	0	0	0	0	0.663750871003644	0	0	0	0	
ADRA1D	ENSG00000171873	0	0	0	0	0	0	0	0	0	0	0	0	0	0	0	0	0	0	0	0	0	0	0	0	0	0	0	0	0	0	
CD93	ENSG00000125810	0	0	0	0	0	3.95597361871829	0	0	0	0	0	0	0	0	0	0	0	0	1.22959455885427	0	0	0	0	0	0	0	0	0	0	0	
PROCR	ENSG00000101000	1.20967283031442	0	1.17965979520657	0.765507960622831	0.723933328165602	0.86921654609485	0.594441066508732	0	0.571986718246761	1.50377607923877	0.893739095543858	0.674106387705516	0	0	0.396726871874089	1.33026039973902	0	0	1.95297183875224	0.856468524793428	0	0	0.723851232178156	0	0	0	0.511733937570692	0	0	0.672693794646323	
PTPRT	ENSG00000196090	0	0	0	0	0	0	0	0	0	0	0	0	0	0	0	0	0	0	0	0	0	0	0	0	0	0	0	0	0	0	
MMP9	ENSG00000100985	0	0	0	0	0	0.526219000838714	1.62138413570584	0	2.40090770309343	0	0	0	0	0	0	0	0.413246984096257	0	0	0	1.71699539633934	0	0	0	0.875293774533053	0	0	0	0	1.75743432054564	
CD40	ENSG00000101017	0.777577404412528	0	1.17965979520657	0	0	0.526219000838714	0	1.11638993151452	0.571986718246761	0	1.3580244448345	0	0.591184531094342	0.55355529175207	0	0	0.413246984096257	0	1.5325059089889	1.31094021141493	0.761713635538117	0	1.13934504091892	0.680251368219615	2.24044164865131	1.0592219897747	0	0	0	0	
NTSR1	ENSG00000101188	0	0	0	0	0	0	0	0	0	0	0	0	0	0	0	0	0	0	0	0	0	0	0	0	0	0	0	0	0	0	
OPRL1	ENSG00000125510	0	0	0	0	0	0	0	0	0	0	0	0	0	0	0	0	0	0	0	0	0	0	0	0	0	0	0	0	0	0	
KISS1R	ENSG00000116014	0	0	0	0	0	0	0	0	0	0	0	0	0	0	0	0	0	0	0	0	0	0	0	0	0	0	0	0	0	0	
GRIN3B	ENSG00000116032	0	0	0	0	0	0	0	0	0	0	0	0	0	0	0	0	0	0	0	0	0	0	0	0	0	0	0	0	0	0	
S1PR4	ENSG00000125910	0	0	0	0	0	0	0	0	0	0	0	0	0	0	0	0	0	0	0	0	0	0	0	0	0	0	0	0	0	0	
TBXA2R	ENSG00000006638	0	0	0	0	0	0	0	0	0	0	0	0	0	0	0	0	0	0	0	0	0	0	0	0	0	0	0	0	0	0	
TMIGD2	ENSG00000167664	0	0	0	0	0	0	0	0	0	0	0	0	0	0	0.396726871874089	0	0	0	0	0	0	0	0	0	0	0	0	0	0	0	
PTPRS	ENSG00000105426	0	0	0.754540268793794	0	0	0	0	0	0	0	0	0	0	0.55355529175207	0	0	0	0	0	0	0	0	0	0	0	0	0	0	0	0	
GPR108	ENSG00000125734	0	0	0	0	0.426094153190795	0	0	0	0	0	0	0	0.591184531094342	0	0	0	0	0.929326184775751	0	0	0	0	0	0	0	0.663750871003644	0	0	0.376793357217177	0.672693794646323	
INSR	ENSG00000171105	0	0	0	0	0	1.32709704431859	0	0	0.571986718246761	0	0	0	0	0	0	0	0	0	0	0	0	0	0	0	0	0	0	0	0	0.672693794646323	
MCOLN1	ENSG00000090674	0	0.697779149369195	0.754540268793794	0	0	0.526219000838714	0	0	0.571986718246761	0	0	0	0.591184531094342	0	0	0	0	0	1.5325059089889	0.856468524793428	0	0	0.723851232178156	0	0	0	0	0	0	0	
OR7D2	ENSG00000188000	0	0	0	0	0	0	0	0	0	0	0	0	0	0	0	0	0	0	0	0	0	0	0	0	0	0	0	0	0	0	
P2RY11	ENSG00000244165	0	0	0	0	0	0	0	0	0	0	0	0	0	0	0	0	0	0	0	0	0	0	0	0	0	0	0	0	0	0	
S1PR2	ENSG00000267534	0	0	1.17965979520657	0	0	0	0	0	0.571986718246761	0	0	0	0	0	0	0.871717564344285	0	0	0	0	0	0	0	0	0	0	0	0	0	0	
ICAM1	ENSG00000090339	0	0	0	0	0	0.526219000838714	0.964713487142357	0.706509953989306	1.40784408085192	0	2.10672340750745	0.674106387705516	0.591184531094342	0.55355529175207	0.680011024604769	0	1.1141159503646	0	0.792956928974258	0	0.761713635538117	0.868653908163388	0	0.680251368219615	0.875293774533053	1.3418693613477	0	0	0.649825267066065	0	
S1PR5	ENSG00000180739	0	0	0	0	0	0	0	0	0	0	0	0	0	0	0	0	0	0	0	0	0	0	0	0	0	0	0	0	0	0	
LDLR	ENSG00000130164	0	0	0	0	0	0	0	0	0	0	0	0.674106387705516	0	1.16884662524313	0	1.33026039973902	0	0	0	0	0	0	0.723851232178156	0.680251368219615	0	0	0	0	0	0	
EPOR	ENSG00000187266	0	0	0	0	0	0	0	0	0	0	0	0	0.591184531094342	0	0	0	0	0	0	0	0	0	0	0	0	0	0	0	0	0	
IL27RA	ENSG00000104998	0	0	0	0.765507960622831	0	0	0	0	0	0	0	0	0	0	0	0.871717564344285	0	0	0.792956928974258	0	0	0	0	0	0	0.663750871003644	0	0.572727312411143	0	0	
PTGER1	ENSG00000160951	0	0	0	0	0	0	0	0	0	0	0	0	0	0	0	0	0	0	0	0	0	0	0	0	0	0	0	0	0	0	
OR10H1	ENSG00000186723	0	0	0	0	0	0	0	0	0	0	0	0	0	0	0	0	0	0	0	0	0	0	0	0	0	0	0	0	0	0	
F2RL3	ENSG00000127533	0	0	0	0	0	0	0	0	0	0	0	0	0	0	0	0	0	0	0	0	0	0	0	0	0	0	0	0	0	0	
IL12RB1	ENSG00000096996	0.777577404412528	0	0	0	0	0	0	0	0	0	0	0	0	0	0	0	0	0	0	0	0	0	0	0	0	0	0	0	0	0	
LPAR2	ENSG00000064547	0	0	0	0	0	0	0.594441066508732	0	0	0	0	0	0	0	0	0	0	0	0	0	0	0	0	0	0	0	0	0	0	0	
LRP3	ENSG00000130881	0	0	0	0	0	0	0	0	0	0	0	0	0	0	0	0	0	0	0	0	0	0	0	0	0	0	0	0	0	0	
FFAR1	ENSG00000126266	0	0	0	0	0	0	0	0	0	0	0	0	0	0	0	0	0	0	0	0	0	0	0	0	0	0	0	0	0	0	
FFAR3	ENSG00000185897	0	0	0	0	0	0	0	0	0	0	0	0	0	0	0	0	0	0	0	0	0	0	0	0	0	0	0	0	0	0	
GPR42	ENSG00000126251	0	0	0	0	0	0	0	0	0	0	0	0	0	0	0	0	0	0	0	0	0	0	0	0	0	0	0	0	0	0	
FFAR2	ENSG00000126262	0	0	0	0	0	0	0	0	0	0	0	0	0	0	0	0	0	0	0	0	0	0	0	0	0	0	0	0	0	0	
IGFLR1	ENSG00000126246	0	0	0	0	0	0	0	0	0	0	0	0	0	0	0	0	0.413246984096257	0	0	0	0	0	0	0	0	0	0	0	0	0	
AXL	ENSG00000167601	0	0.697779149369195	0	0.765507960622831	0	0	0.964713487142357	0	0	0	0	0	0	0	0.680011024604769	0	0.930254799141195	0	0	0.856468524793428	0	0	0	0	0	1.0592219897747	0	0.572727312411143	0.376793357217177	0	
CD79A	ENSG00000105369	0	0	0	0	0	0	0	0	0	0	0	0	0	0	0.680011024604769	0	0.930254799141195	0	0	0	0	0	0	0	0	0	0	0	0	0	
GRIK5	ENSG00000105737	0	0	0	0	0	0	0	0	0	0	0	0	0	0	0	0	0	0	0	0	0	0	0	0	0	0	0	0	0	0	
PLAUR	ENSG00000011422	0.777577404412528	0	0	0	1.84255546454152	0.526219000838714	0	1.11638993151452	0.933567498834603	0	1.3580244448345	0.674106387705516	0	0.55355529175207	0	0.871717564344285	0.704797402630537	0.929326184775751	0	0	2.51926265517328	3.30653133733114	0	0	0.875293774533053	1.89497449136581	0.511733937570692	0	0.649825267066065	0	
PVR	ENSG00000073008	0	0	0	0	0	0	0	0	0	0	0	0	0	0	0	0	0.413246984096257	0	0	0.856468524793428	0	0	0	0	0	0	0	0	0	0	
GPR4	ENSG00000177464	0	0	0	0	0	0.86921654609485	0	0	0	0	0	0	0	0	0	0	0	0	0	0	0	0	0	0	0	0	0	0	0	1.07124707440253	
GIPR	ENSG00000010310	0	0	0	0	0	0	0	0	0	0	0	0	0	0	0	0	0	0	0	0	0	0	0	0	0	0	0	0	0	0	
PTGIR	ENSG00000160013	0	0	0.754540268793794	0	0	0	0.594441066508732	0	0	0	0	0	0	0	0.396726871874089	0	0	0	0	0.856468524793428	1.18902783532812	0.868653908163388	0	0	0	0	0.511733937570692	0	0	0.672693794646323	
C5AR1	ENSG00000197405	0	0	0	0	0	0	0.964713487142357	0	0.571986718246761	0	0	0	0	0	0	0	0	0	0	0	0	0	0	0	0	0	0	0	0	0	
C5AR2	ENSG00000134830	0	0	0	0	0	0	0	0	0	0	0	0	0	0	0	0	0	0	0	0	0	0	0	0	0	0	0	0	0	0	
GRIN2D	ENSG00000105464	0	0	0	0	0	0	0	0	0	0	0	0	0	0	0.396726871874089	0	0	0	0	0	0	0	0	0	0	0	0	0	0	0	
FCGRT	ENSG00000104870	1.928759511751	1.39323429342415	1.89208253225999	0.765507960622831	0.723933328165602	1.12413783130675	0.964713487142357	0.706509953989306	0	2.18289457143889	1.91353563432951	1.07314313651703	0.960213114735915	0.90779571539102	0.396726871874089	1.88160873458175	1.1141159503646	2.15917764196173	1.22959455885427	1.31094021141493	0	2.06920180268678	1.65812183490357	0.680251368219615	1.33478005597558	1.3418693613477	1.30093385060296	0	1.04042239022042	0.672693794646323	
FPR1	ENSG00000171051	0	0	0	0	0	0	0	0	0	0.628427879795163	0	0	0	0.55355529175207	0	0	0	0	0	0	0	0	0	0	0	0	0.511733937570692	0.934599106454664	0	0	
FPR2	ENSG00000171049	0	0	0	0	0	0	0	0	0	0	0	0	0	0	0	0	0	0	0	0	0	0	0	0	0	0	0	0	0	0	
FPR3	ENSG00000187474	0	0	0	0	0	0	0	0	0	0	0	0	0	0	0	0	0	0	0	0	0	0	0	0	0	0	0	0	0	0	
LILRB3	ENSG00000204577	0	0	0	0	0	0	0	0	0.571986718246761	0	0	0	0	0	0	0	0	0	0	0	0	0	0	0	0	0	0	0	0	0	
LILRA6	ENSG00000244482	0	0	0	0	0	0	0	0	0	0	0	0	0	0	0	0	0	0	0	0	0	0	0	0	0	0	0	0	0	0	
LILRB2	ENSG00000131042	0	0	0	0	0	0	0	0	0	0	0	0	0	0	0	0	0	0	0	0	0	0	0	0	0	0	0	0	0	0	
LILRB5	ENSG00000105609	0	0	0	0	0	0	0	0	0	0	0	0	0	0	0	0	0	0	0	0	0	0	0	0	0	0	0	0	0	0	
LILRA5	ENSG00000187116	0	0	0	0	0	0	0	0	0	0	0	0	0	0	0	0	0	0	0	0	0	0	0	0	0	0	0	0	0	0	
LILRA4	ENSG00000239961	0	0	0	0	0	0	0	0	0	0	0	0	0	0	0	0	0	0	0	0	0	0	0	0	0	0	0	0	0	0	
LAIR1	ENSG00000167613	0	0	0	0	0	0	0	0	1.19856343271331	0	0	0	0	0.55355529175207	0	0	0	0	0	0	0	0	0	0	0	0	0	0	0	0	
LILRA2	ENSG00000239998	0	0	0	0	0	0	0	0	0	0	0	0	0	0	0	0	0	0	0	0	0	0	0	0	0	0	0	0	0	0	
LILRA1	ENSG00000104974	0	0	0	0	0	0	0	0	0	0	0	0	0	0	0	0	0	0	0	0	0	0	0	0	0	0	0	0	0	0	
LILRB1	ENSG00000104972	0	0	0	0	0	0	0.594441066508732	0	0.571986718246761	0	0	0	0	0	0	0	0	0	0	0	0	0	0	0	0	0	0	0	0	0	
KIR3DL3	ENSG00000242019	0	0	0	0	0	0	0	0	0	0	0	0	0	0	0	0	0	0	0	0	0	0	0	0	0	0	0	0	0	0	
KIR2DL3	ENSG00000243772	0	0	0	0	0	0	0	0	0	0	0	0	0	0	0	0	0	0	0	0	0	0	0	0	0	0	0	0	0	0	
KIR2DL1	ENSG00000125498	0	0	0	0	0	0	0	0	0	0	0	0	0	0	0	0	0	0	0	0	0	0	0	0	0	0	0	0	0	0	
KIR2DL4	ENSG00000189013	0	0	0	0	0	0	0	0	0	0	0	0	0	0	0.396726871874089	0	0	0	0	0	0	0	0	0	0	0	0	0	0	0	
KIR3DL1	ENSG00000167633	0	0	0	0	0	0	0	0	0	0	0	0	0	0	0	0	0	0	0	0	0	0	0	0	0	0	0	0	0	0	
KIR3DL2	ENSG00000240403	0	0	0	0	0	0	0	0	0	0	0	0	0	0	0	0	0	0	0	0	0	0	0	0	0	0	0	0	0	0	
FCAR	ENSG00000186431	0	0	0	0	0	0	0	0	0	0	0	0	0	0	0	0	0	0	0	0	0	0	0	0	0	0	0	0	0	0	
NCR1	ENSG00000189430	0	0	0	0	0	0	0	0	0	0	0	0	0	0	0	0	0	0	0	0	0	0	0	0	0	0	0	0	0	0	
PTPRH	ENSG00000080031	0	0	0	0	0	0	0	0	0	0	0	0	0	0	0	0	0	0	0	0	0	0	0	0	0	0	0	0	0	0	
VN1R1	ENSG00000178201	0	0	0	0	0	0	0	0	0	0	0	0	0	0	0	0	0	0	0	0	0	0	0	0	0	0	0	0	0	0	
IL17RA	ENSG00000177663	0	0	0	0.765507960622831	0	0.526219000838714	0.594441066508732	0	0	0	0	0	0	0	0	0	0	0	0	0	0	0	0	0	0	0	0	0	0	0	
RTN4R	ENSG00000040608	0	0	0	0	0	0	0	0	0	0	0	0	0	0	0	0	0	0	0	0	0	0	0	0	0	0	0	0	0	0	
SCARF2	ENSG00000244486	0	0	0	0	0	0	0	0	0.571986718246761	0	0	0	0	0	0.396726871874089	0	0.413246984096257	0	0	0	0	0	0	0	0	0	0	0.572727312411143	0	0	
P2RX6	ENSG00000099957	0	0	0	0	0	0	0	0	0	0	0	0	0	0	0	0	0	0	0	0	0	0	0	0	0	0	0	0	0	0	
ADORA2A	ENSG00000128271	0	0	0	0	0	0	0	0	0	0	0	0	0	0	0	0	0	0	0	0	0	0	0	0	0	0	0	0	0	0	
CSF2RB	ENSG00000100368	0	0	0	0	0	0	0	0	0	0	0	0	0	0	0	0	0	0	0.792956928974258	0	0	0	0	0	0	0	0	0	0	0	
IL2RB	ENSG00000100385	0	0	0	0	0	0	0	0	0	0	0	0	0	0	0	0	0	0	0	0	0	0	0	0	0	0	0	0	0	0	
SSTR3	ENSG00000183473	0	0	0	0	0	0	0	0	0	0	0	0	0	0	0	0	0	0	0	0	0	0	0	0	0	0	0	0	0	0	
MCHR1	ENSG00000128285	0	0	0	0	0	0	0	0	0	0	0	0	0	0	0	0	0	0	0	0	0	0	0	0	0	0	0	0	0	0	
PKDREJ	ENSG00000130943	0	0	0	0	0	0	0	0	0	0	0	0	0	0	0	0	0	0	0	0	0	0	0	0	0	0	0	0	0	0	
CELSR1	ENSG00000075275	0	0	0	0	0	0	0	0	0.933567498834603	0	0	0	0	0	0	0	0	0	0	0	0	1.32638511571163	0	0	0	0	0	0	0	0	
CXADR	ENSG00000154639	0	0	0	0	0.426094153190795	0	0	0	0	0	0	0	0	0	0	0	0	0	0	0	0	0	0	0	0	0	0	0	0	0	
APP	ENSG00000142192	1.51040875805983	0.697779149369195	1.17965979520657	0.765507960622831	1.13945340854338	1.87796257875263	0	0.706509953989306	0.571986718246761	1.68144323949714	1.67386810881394	0	1.2291666626699	1.3756642665971	0.90050651002756	2.07380949219821	1.52214179342719	1.96448062371802	2.47563817957896	1.31094021141493	1.90355691432268	1.32638511571163	0.723851232178156	1.08138064956242	1.88681514753581	1.0592219897747	0.511733937570692	0	0.376793357217177	1.35545523471955	
IFNAR2	ENSG00000159110	0	0	0	0.765507960622831	0.426094153190795	0.526219000838714	0	0	0.571986718246761	0	0	0	0	0	0	0	0	0	0	0	0.761713635538117	0	0	0	0	0.663750871003644	0	0	0	0.672693794646323	
IL10RB	ENSG00000243646	0	0	0	0.765507960622831	0	0	0	0	0.571986718246761	0	0	0	0.591184531094342	0.55355529175207	0.396726871874089	1.33026039973902	0	0	0.792956928974258	0.856468524793428	0	0	0	0	0.875293774533053	0	0	1.19975052848646	0.649825267066065	0	
IFNAR1	ENSG00000142166	0.777577404412528	0.697779149369195	0	0	0.426094153190795	0	0	0	0	1.01135438590137	0	0	0.591184531094342	0	0	0	0	0.929326184775751	0.792956928974258	0	0	0	0	0	0	0.663750871003644	0.511733937570692	0	0	1.07124707440253	
IFNGR2	ENSG00000159128	0	0	0	0	0.723933328165602	0.86921654609485	0.964713487142357	0.706509953989306	1.19856343271331	1.28757375420407	1.3580244448345	0	0.591184531094342	0.55355529175207	0.396726871874089	0	0.704797402630537	0.929326184775751	0.792956928974258	0	0.761713635538117	0	0.723851232178156	0	0	0	0.511733937570692	0.572727312411143	0.376793357217177	0.672693794646323	
ITGB2	ENSG00000160255	0	0	0	0	0	0	0	0	0	0	1.3580244448345	0	0	0	0	0	0	0	0	0	0	0	0	0	0	0	1.10012568698064	0	0	0	
