Gene	Gene	CACTGAGAATGGTC_1	CGTAACGAGCTGTA_1	GAAGTCTGTAGAGA_1	GAGTGGGACCCACT_1	ACGCTGCTAACCAC_3	CTCGAGCTTCGCAA_3	AACAAACTGGTTAC_4	AAGTATACTGACCA_4	ACAACCGAATGTGC_4	ACGATGACTCCTGC_4	AGTCACGAAACCAC_4	ATAGGAGAACCATG_4	ATCCCGTGACGTGT_4	ATGCTTTGGCTAAC_4	CCATGCTGGAGACG_4	CGTCCAACTAAAGG_4	CTCAGGCTCATGCA_4	GAGTACACGTTTCT_4	GCCTCATGCTACTT_4	GGCGACTGTTGGTG_4	GTTATCTGCTGAGT_4	TACCGAGATGCACA_4	TAGATTGACCAACA_4	TGCACAGATTCAGG_4	TTATGGCTTCCAAG_4	ACAAGAGAGTCAAC_5	AGACACACCTTCTA_5	ATGAAGGAGTTAGC_5	CACGACCTAAAGCA_5	TTACGACTTTTCAC_5	
EPHA2	ENSG00000142627	0	0	0	0	0	0	0	0	0	0.628427879795163	1.3580244448345	0	0	0	0	0	0	0	0	0	0	0	0	0	0	0	0	0	0	0	
IL6R	ENSG00000160712	0	0	0	0	0	0	0	0	0	0	0	0	0	0	0	0	0	0	0	0	0	0	0	0	0	0	0	0	0	0	
MUC1	ENSG00000185499	0	0	0	0	0	0	0	0	0	0	3.34782423018712	2.36300138808096	2.28923560177334	2.80505290599323	0	0	0	0	0	0	0	0	3.05328633842428	0	0	0	0.84859519911729	0	0.376793357217177	0	
SELE	ENSG00000007908	0	0	0	0	0	0	0	0	0	0	0	0	0	0	0	0	0	0	0	0	0	0	0	0	0	0	0	0	0	0	
CR2	ENSG00000117322	0	0	0	0	0	0	0	0	0	0	0	0	0	0	0	0	0	0	0	0	0	0	0	0	0	0	0	0	0	0	
VIPR1	ENSG00000114812	0	0	0	0	0	0	0	0	0	0	0	0	0	0	0	0	0	0	0	0	0	0	0	0	0	0	0	0	0	0	
FGFR3	ENSG00000068078	0	0	0	0	0	0	0	0	0	0	0	0.674106387705516	0	0	0	0	0	0	0	0	0	0	0	0	0	0	0	0	0	0	
PROM1	ENSG00000007062	0	0	0	0	0	0	0	0	0	0	0	0	0	0	0	0	0	0	0	0	0	0	0	0	0	0	0	0	0	0	
KDR	ENSG00000128052	0	0	0	0	0	0	0	0	0	0.628427879795163	0	0	0	0	0	0	0	0	0	0	0	0	0	0	0	0	0	0	0	0	
IL6ST	ENSG00000134352	0	0	0	0.765507960622831	0.426094153190795	0.526219000838714	0	0	0	0.628427879795163	0	0	0	0.55355529175207	0	0	0	0.929326184775751	0	0.856468524793428	0	0	0	0	0	0	0.511733937570692	0.572727312411143	0.376793357217177	0	
PDGFRB	ENSG00000113721	0.777577404412528	1.10478349151056	0.754540268793794	1.90960639652424	0	0	0.964713487142357	0.706509953989306	0.933567498834603	0	0	0	0	0	0.396726871874089	1.33026039973902	0.413246984096257	0	0	0.856468524793428	0	0	0	0	0	0	0.511733937570692	0	0	1.07124707440253	
FGFR4	ENSG00000160867	0	0	0	0	0	0	0.594441066508732	0	0	0	0	0	0	0	0	0	0	0	0	0	0	0	0	0	0	0	0	0	0	0	
FLT4	ENSG00000037280	0	0	0	0	0	0	0	0	0	0	0	0	0	0	0	0	0	0	0	0	0	0	0	0	0	0	0	0	0	0	
EGFR	ENSG00000146648	0	0	0	0	0	0	0	0	0	0	0	0	0	0	0	0	0	0	0	0	0	0	0.723851232178156	0.680251368219615	0	0	0	0	0.376793357217177	0	
EPHB4	ENSG00000196411	0	0	0	0.765507960622831	0	0	0	0	0	0	0	0	0	0	0	0	0	0	0	0.856468524793428	0	2.94381247663265	0	0	0	0	0	0	0	0	
MET	ENSG00000105976	0	0	0	0	0	0	0	0	0	0	0	0	0	0	0	0	0	0	0	0	0	0	0	0	0	0	0	0	0	0	
IL13RA2	ENSG00000123496	0	0	0	0	0	0	0	0	0	0	0	0	0	0	0	0	0	0	0	0	0	0	0	0	0	0	0	0	0	0	
GPC3	ENSG00000147257	0	0.697779149369195	0	0	0	0	0	0	0	0	0	0	0.591184531094342	0.55355529175207	0	0	0	0	0	0	0	0	0	0.680251368219615	0	0	0	0	0	0.672693794646323	
FGFR1	ENSG00000077782	0	1.10478349151056	0	0	0	0	0	0	1.19856343271331	0	0	0	0	0	0.396726871874089	0.871717564344285	0	0.929326184775751	0	0.856468524793428	0.761713635538117	0	0	0	0.875293774533053	0.663750871003644	0.511733937570692	0	0.649825267066065	0	
SDC2	ENSG00000169439	1.51040875805983	1.10478349151056	0.754540268793794	1.49296224491618	0.426094153190795	0	0.594441066508732	0.706509953989306	0.571986718246761	0	0	1.07314313651703	0	0.55355529175207	0	0.871717564344285	0.413246984096257	0	0	1.31094021141493	2.51926265517328	2.23025094024828	0.723851232178156	1.3668877384202	0	0.663750871003644	0	0	0	2.44708328394815	
CD274	ENSG00000120217	0	0	0	0	0	0	0	0	0	0	0	0	0	0	0	0	0.413246984096257	0	0	0	0	0	0	0	0	0	0	0	0	0	
TEK	ENSG00000120156	0	0	0	0.765507960622831	0	0	0	0	0	0	0	0	0	0	0	0	0	0	0	0	0	0	0	0	0	0	0	0	0	0	
IL11RA	ENSG00000137070	0	0	0	0	0	0	0	0	0	0	0	0.674106387705516	0	0.55355529175207	0	0	0	0	0	0	0	0	0	0	0.875293774533053	0	0	0	0	0	
CD44	ENSG00000026508	0	0	0	0.765507960622831	0.426094153190795	0.526219000838714	1.77021354495319	0.706509953989306	1.72823404385296	0.628427879795163	0	0.674106387705516	0.960213114735915	0	0.680011024604769	0.871717564344285	1.1141159503646	0	0	0	1.71699539633934	0	0	1.77017312206755	1.33478005597558	1.74227429204333	0	1.19975052848646	1.04042239022042	0.672693794646323	
PTPRJ	ENSG00000149177	0	0	0	0	0	0	0	0	0	0	0.893739095543858	0	0	0	0	0	0.413246984096257	0	0	0	0	0	0.723851232178156	0	0	0	0.511733937570692	0	0.376793357217177	0	
FOLH1	ENSG00000086205	0	0	0	0	0	0	0	0	0	0	0	0	0	0	0	0	0	0	0	0	0	0	0	0	0	0	0	0	0	0	
IL10RA	ENSG00000110324	0	0	0	0	0	0	0.594441066508732	0	0	0	0	0	0	0	0.396726871874089	0	0	0	0	0	0	0	0	0	0	0	0	0	0	0	
MCAM	ENSG00000076706	0	0	0	0	0	1.49573242484409	0	0	0	0	0	0	0	0	0	0	0	0	0	0	0	0	0	0	0	0	0	0	0	2.36039043286559	
NRP1	ENSG00000099250	0.777577404412528	0	0.754540268793794	0.765507960622831	0	0.526219000838714	0.594441066508732	0	0	0	0	0.674106387705516	0	0	0.396726871874089	0	0	0	0	0	0	0	0	0	0	0	0	0	0	0	
FGFR2	ENSG00000066468	0	0	0	0	0.426094153190795	0	0	0	0	0	0	0	0	0	0	0	0	0	0	0	0	0	0	0	0	0	0	0	0	0	
FLT1	ENSG00000102755	0	0	0	0.765507960622831	0	1.12413783130675	0	0	0	0	0	0	0	0	0	0	0	0	1.22959455885427	0	0	0	0	0	0	0	0	0	0	0	
ANPEP	ENSG00000166825	0	1.10478349151056	0	0	0	0	0	0	0	0	0	0	0	0	0.396726871874089	0	0	0.929326184775751	0	0	0	0	0	0	0	0	0	0.572727312411143	0	0.672693794646323	
CDH1	ENSG00000039068	0	0	0	0	0	0	0	0	0	0	0	0	0	0	0	0	0	0	0	0	0	0	0.723851232178156	0	0	0	0	0	0	0	
ERBB2	ENSG00000141736	0	0	0.754540268793794	0	0.426094153190795	0	0	0	0.571986718246761	0	0	0	0	0	0	0	0	0	0	0	0	0	0	0	0	0	0	0	0	0	
CDH2	ENSG00000170558	0	0	0	0	0	0	0	0	0.571986718246761	0	0	0	0	0	0.396726871874089	0	0	0	0	0	0	0	0	0	0	0.663750871003644	0	0.934599106454664	0	0	
CD93	ENSG00000125810	0	0	0	0	0	3.95597361871829	0	0	0	0	0	0	0	0	0	0	0	0	1.22959455885427	0	0	0	0	0	0	0	0	0	0	0	
MMP9	ENSG00000100985	0	0	0	0	0	0.526219000838714	1.62138413570584	0	2.40090770309343	0	0	0	0	0	0	0	0.413246984096257	0	0	0	1.71699539633934	0	0	0	0.875293774533053	0	0	0	0	1.75743432054564	
APP	ENSG00000142192	1.51040875805983	0.697779149369195	1.17965979520657	0.765507960622831	1.13945340854338	1.87796257875263	0	0.706509953989306	0.571986718246761	1.68144323949714	1.67386810881394	0	1.2291666626699	1.3756642665971	0.90050651002756	2.07380949219821	1.52214179342719	1.96448062371802	2.47563817957896	1.31094021141493	1.90355691432268	1.32638511571163	0.723851232178156	1.08138064956242	1.88681514753581	1.0592219897747	0.511733937570692	0	0.376793357217177	1.35545523471955	
