Gene	Gene	ACATTCTGGTGTCA_1	ACCTCGTGGTTCAG_1	ACGATGACCGGGAA_1	ACGCAATGTCGACA_1	ACGCCACTGGTAGG_1	AGAGCTACTGATGC_1	AGATCTCTAGAGGC_1	AGGTACACTCCGAA_1	AGTAATTGTTGCAG_1	AGTTTCACGGCAAG_1	ATCAACCTTCAGAC_1	ATTGTCTGTGGATC_1	CAAATATGCCAGTA_1	CACTCTCTCAGATC_1	CCCAGTTGGGGTGA_1	CCGCGAGAGGTATC_1	CCGCTATGCGACTA_1	GAAATACTCAGAGG_1	GAAGTCTGAGTAGA_1	GACGTAACCTATTC_1	GATCGTGATTAGGC_1	GCACGTCTGGTTCA_1	GCTACAGAGGTGGA_1	GTATTCACACCCTC_1	GTTAGGTGCGTCTC_1	TACGGAACTCGTAG_1	TATCAAGAGAGATA_1	TCAAGGTGCGAGAG_1	TCCCGAACTAACCG_1	TGTATCTGCCAATG_1	TTGCTAACCTCAGA_1	CCACTGACGGTAAA_2	AATACTGAGCGGAA_3	AGGGCCACCCATGA_3	ATAAACACGACAGG_3	ATTAGATGGCGTAT_3	ATTCTTCTCTCTTA_3	CATCAACTTTATCC_3	CCATATACTCGCAA_3	CGAAGACTACGCTA_3	CGCCATACCCCGTT_3	GAATTAACTCAGGT_3	GACAGTTGTGCCAA_3	GAGGATCTATTTCC_3	GATAGCACCTCAGA_3	GCGCACGACAGATC_3	GGATGTACTAACCG_3	TCCCAGACTACTGG_3	TCTCCACTGAGGAC_3	AATGGAGATTACTC_4	AATTCCTGCTTAGG_4	ACCTATTGAGTCTG_4	ACTGCCTGCCACCT_4	ACTTCTGAGCAAGG_4	ACTTCTGAGTATGC_4	AGATATTGAGTACC_4	AGGACACTCGTCTC_4	AGTTATGACTCATT_4	ATCGACGATAAAGG_4	ATCGTTTGGGTTTG_4	ATTAACGATCTTTG_4	ATTACCTGGACACT_4	ATTTGCACCTGTCC_4	CAACCAGACCTTCG_4	CAAGACACACGTTG_4	CAATTCTGCATTGG_4	CCAAAGTGTCGTAG_4	CCAACCTGCCGTAA_4	CCCACATGTTAGGC_4	CCCTGAACAAAGCA_4	CGCCGAGAGTCTAG_4	CGTCCATGCAGCTA_4	CTAACGGACGACTA_4	CTAACTACAGAAGT_4	CTGAGAACAAGTAG_4	CTGAGCCTACCAGT_4	CTGTGAGAAGAATG_4	CTTAAGCTTGCCAA_4	GCGGGACTAACAGA_4	GGAACACTGACACT_4	GGCCAGACTCTTTG_4	GGCGACACTCTAGG_4	GGCTCACTGTCGTA_4	GGTAAAGAGAGGTG_4	GTATGGTGGACGAG_4	GTTCAACTACCCAA_4	GTTCAACTCAGAAA_4	TAAAGACTTCGCTC_4	TAAAGTTGCAGAGG_4	TAGTAATGAGCCAT_4	TAGTCGGATGACAC_4	TATCGTACAGTGTC_4	TATGTCTGCGCAAT_4	TCGACGCTGATACC_4	TGAGCTGATTTGCT_4	TGCCAGCTGTACGT_4	TGTGACGAATAAGG_4	TTCTACGAGGATTC_4	TTGGTACTTCAGAC_4	TTTGACTGTACGAC_4	ACTCGCACCTTGTT_5	AGCGAACTAAACAG_5	ATCACTACGCCATA_5	GAGTACTGAAGATG_5	GATGACACTCTCGC_5	TTCACCCTCTTTAC_5	
EPHA2	ENSG00000142627	0	0.248024951630507	0	0	0	0	0	0	0	0	0	0	0	0	0	0	0	0	0	0	0	0	0	0.442747370728218	0	0	0	0	0	0	0	0	0	0	0	0.546360037583594	0	0	0	0	0.500816655036859	0	0	0	0	0	0	0.372196195826602	0	0.521057562384729	0	0	0	0	0	0	0	0.620533028500258	0	0	0	0	0.644986461299773	0	0	0	0	0	0	0	0	0	0.458992624240594	0	0	0	0	0	0	0	0	0	0	0	0	0	0	0	1.21025087816307	0	0	0	0	0	0.823780414927689	0	0	0	0	0	0	0	0	0	0	0	
IL6R	ENSG00000160712	0.290952418078204	0	0	0	0.269296019682265	0	0	0	0	0	0	0	0	0	0	0	0	0.403541073678158	0	0	0	0	0	0	0	0	0	0.625301720545847	0	0	0	0	0.549716539741545	0	0	0.546360037583594	0	0	0	0	0	0	0	0	0.219035902721944	0	0	0	0	0	0	0	0	0	0	0	0	0.620533028500258	0.56341347936321	0.568462392075716	0	0	0	0	0.455102949651341	0	0	0	0	0	0	0	0	0	0	0	0	0	0	0	0	0	0	0	0	0	0	0	0	0	0	0	0	0	0	0	0	0	0	0	0	0	0	0	0	0	
MUC1	ENSG00000185499	0.290952418078204	0.248024951630507	0	0	0.269296019682265	0	0	0	0	0	0.657730165735909	0	0	0	0	0	0	0	0.650679246177886	0	0	0.551613464898668	0	0	0	0	0	0	0	0.552864653863293	0	0	0	0	0	1.3629801961148	1.07926022030567	0.190021065318541	0.779329748392609	0.419937340665412	0.500816655036859	0.43156512492814	0	1.04556955268363	0	1.49869468972224	0	0.372196195826602	1.7956124303262	0	0.390728506242066	0	0	0.715204429556171	0	0	0	0	0	0	0	0	0	0	0.766709543362594	0	0	0	0	0	0	0	0	0	0	0	0	0.246122921967856	0	0	0	0	0	0	0	0	0	0	0	0	0.866490959793676	1.33138702977289	0.35589666389825	0.364821646366879	0	0	0	0.718116489668951	0	0	0	1.00613386762924	1.13100935889987	0	0	0	
SELE	ENSG00000007908	0	0	0	0	0	0	0	0	0	0	0	0	0	0	0	0	0	0	0	0	0	0	0	0	0	0	0	0	0	0	0	0	0	0	0	0	0	0	0	0	0	0	0	0	0	0	0	0	0	0	0	0	0	0	0	0	0	0	0	0	0	0	0	0	0	0	0	0	0	0	0	0	0	0	0	0	0	0	0	0	0	0	0	0	0	0	0	0	0	0	0	0	0	0	0	0	0	0	0	0	0	0	0	0	0	0	
CR2	ENSG00000117322	0	0	0	0	0	0	0	0	0	0	0	0	0	0	0	0	0	0	0	0	0	0	0	0	0	0	0	0	0	0	0	0	0	0	0	0	0	0	0	0	0	0	0	0	0	0	0	0	0	0	0	0	0	0	0	0	0	0	0	0	0	0	0	0	0	0	0	0	0	0	0	0	0	0	0	0	0	0	0	0	0	0	0	0	0	0	0	0	0	0	0	0	0	0	0	0	0	0	0	0	0	0	0	0	0	0	
VIPR1	ENSG00000114812	0	0	0	0	0	0	0	0	0	0	0	0	0	0	0	0	0	0	0	0	0	0	0.397461798749355	0	0.386871008632472	0	0	0	0	0	0	0.747448396589806	0	0	0	0	0	0.349635323466158	0	0	0	0	0	0	0	0	0	0	0	0	0	0	0	0	0	0	0	0	0	0	0	0	0	0	0	0	0	0	0	0	0	0	0	0	0	0	0	0.246122921967856	0	0	0	0	0	0	0	0	0	0	0	0	0	0	0	0	0	0	0	0.300244658281508	0	0	0	0.456370842585382	0	0	0	0	
FGFR3	ENSG00000068078	0	0	0	0	0	0	0	0	0	0	0	0	0	0	0	0	0	0	0.377354478969618	0	0	0	0	0	0	0	0	0	0	0	0	0	0	0	0	0.8976830867257	0	0	0	0	0	0	0	0	0	0	0	0	0	0	0	0	0	0	0	0	0	0	0	0	0	0	0	0	0	0	0	0	0	0	0	0	0	0	0	0	0	0	0	0	0	0	0	0	0	0	0	0	0	0	0	0	0	0	0	0	0	0	0	0	0.320519429266155	0	0	0	0	0	
PROM1	ENSG00000007062	0	0	0	0	0	0	0	0	0	0	0	0	0	0	0	0	0	0	0	0	0	0	0	0	0	0	0	0	0	0	0	0	0	0	0	0	0	0	0	0	0	0	0	0	0	0	0	0	0	0	0	0	0	0	0	0	0	0	0	0	0	0	0	0	0	0	0	0	0	0	0	0	0	0	0	0	0	0	0	0	0	0	0	0	0	0	0	0	0	0	0	0	0	0	0	0	0	0	0	0	0	0	0	0	0	0	
KDR	ENSG00000128052	0	0	0	0	0	0	0	0	0	0	0	0	0	0	0	0	0	0	0	0	0	0	0	0	0	0	0	0	0	0	0	0	0	0	0	0	0	0	0	0	0	0	0	0	0	0.456986237351185	0	0	0	0	0	0	0	0	0	0	0	0	0	0	0	0	0	0	0	0	0	0	0	0	0	0	0	0	0	0	0	0	0	0	0	0	0	0	0	0	0	0	0	0	0	0	0	0	0	0	0	0	0	0	0	0	0	0	0	0	
IL6ST	ENSG00000134352	0	0	0	0	0	0	0	0	0	0	0	0	0	0	0	0	0	0	0.377354478969618	0	0.269946939809118	0	0	0	0	0	0	0	0	0	0	0	0	0	0	0	0	0	0	0	0	0	0	0	0.219035902721944	0	0	0	0	0	0	0	0	0	0	0	0	0	0	0	0	0.305569736146805	0	0.275217177331612	0	0	0	0	0	0	0	0.924712727184823	0	0	0	0	0	0	0	0	0	0	0	0	0	0	0	0	0	0	0	0	0	0	0	0	0	0	0	0	0	0	0	0	0.348392499928255	0	
PDGFRB	ENSG00000113721	0	0	0	0	0	0	0	0	0	0	0	0	0	0	0	0	0	0	0	0	0	0	0	0	0	0	0	0	0	0	0	0	0	0	0	0	0	0	0	0	0	0	0	0	0	0	0	0	0	0	0	0	0	0	0	0	0	0	0	0	0	0	0	0	0	0	0	0	0	0	0	0	0	0	0	0	0	0	0	0	0	0	0	0	0	0	0.572053963687112	0	0	0	0	0	0	0	0	0	0	0	0	0	0	0	0	0	0	0	
FGFR4	ENSG00000160867	0	0	0	0	0	0	0	0	0	0	0	0	0	0	0	0	0	0	0	0	0	0	0	0	0	0	0	0	0	0	0	0	0	0	0	0	0	0	0	0	0	0	0	0	0	0	0	0	0	0.521057562384729	0	0	0	0	0	0	0.383923630188537	0	0	0	0	0	0	0	0	0	0	0	0	0	0	0	0	0	0	0	0	0	0	0	0	0	0	0	0	0	0	0	0	0	0	0.656879287527262	0	0	0	0	0	0	0	0	0	0	0	0	0.348392499928255	0	
FLT4	ENSG00000037280	0	0	0	0	0	0	0	0	0	0	0	0	0	0	0	0	0	0	0	0	0	0	0	0	0	0	0	0	0	0	0	0	0	0	0	0	0	0	0	0	0	0	0	0	0	0	0	0	0	0	0	0	0	0	0	0	0	0	0	0	0	0	0	0	0	0	0	0	0	0	0	0	0	0	0	0	0	0	0	0	0	0	0	0	0	0	0	0	0	0	0	0	0	0	0	0	0	0	0	0	0	0	0	0	0	0	
EGFR	ENSG00000146648	0	0	0.42543164918052	0	0	0	0.402372535254332	0.582223564098183	0	0	0	0	0	0	0	0	0.631572747693667	0.690259738916243	0.650679246177886	0.619580355387026	0.269946939809118	0.905069462703706	0.397461798749355	0.442747370728218	0.386871008632472	0	0	1.28271813933116	0.454997615299745	0	0	0	0.902404181814329	0	0.231787222151332	0.546360037583594	0.499259380414568	0.349635323466158	0.779329748392609	0	0	0	0	1.04556955268363	0.998472120383718	0.456986237351185	0.419937340665412	0.372196195826602	0	0.521057562384729	0.390728506242066	0.940983344464527	0	0.420223865587343	0.302090711155884	0	0	0	0.56341347936321	0.324092436147621	0.393908776536814	0	0	0.668060053458919	0	0.681407477491389	0.634694761227751	0	0	0.472643645864876	0.853323882556529	0.924712727184823	0.458992624240594	0	0.552958727689579	0	0	0	0.724727925535227	0	0	1.0854542040906	0	0.865095146570551	0.378004032131796	0	0.572053963687112	0	0.778022670160522	0	0.65182150561905	0	0.35589666389825	0.631545260880337	0.494421665711272	0.302865127732112	0	0.300244658281508	0.49228565147233	1.00576713362207	0.562859972002238	0.456370842585382	0.530389537480292	0.765323452093677	0.606268409214585	0	
EPHB4	ENSG00000196411	0	0.248024951630507	0	0	0	0	0	0	0.334055598088186	0	0.657730165735909	0	0.709856092689775	0	0	0	0.631572747693667	0.690259738916243	0.377354478969618	0.619580355387026	0	0.551613464898668	0	0.442747370728218	0.386871008632472	0.885877068119148	0	0	0.253156473471347	0.552864653863293	0	0	0	0	0.231787222151332	0	0	0.349635323466158	0	0	0	0.43156512492814	0	0	0.219035902721944	0	0	0	0	0.521057562384729	0	0	0.646800373087054	0	0	0.382748470026623	0	1.00057244295202	0.56341347936321	0	0.393908776536814	0	0	0	0	0	0.634694761227751	0	0.411934772473188	0	0	0	0	0	0	0	0	0	0	0	0	0	0	0	0	0	0.572053963687112	0.414149709307715	0	0.502177771129861	0	0	0.35589666389825	0.364821646366879	0	0	0	0.718116489668951	0	0	0.320519429266155	0	0	0.32442124369555	0	0	
MET	ENSG00000105976	0.290952418078204	0.248024951630507	0	0	0	0	0.402372535254332	0	0	0	0	0	0	0	0.539204916564708	0	0.257368707516683	0.403541073678158	0.377354478969618	0	0.269946939809118	0.551613464898668	0	0	0	0	0	0	0	0.314162831585322	0	0	0	0.254490789584252	0.834758323048705	0	0	0.487244899077351	0	0.419937340665412	0	0.43156512492814	0	0.479338764754985	0.682846248301772	1.49869468972224	0	0.372196195826602	0	0.861883068512222	0	0	0	0.420223865587343	0.53378083487499	0.658875729074646	0	0	0	0.928654179893488	0.895392206434729	0.539294288174213	0	0	0	0.681407477491389	0.634694761227751	0.958971014796607	0	0	0	1.71621513021041	0.772400990139711	0	0	0.342570384184859	0	0	0	0	0.740609358002297	0	0.419008866441072	0.865095146570551	0	0	0	0.414149709307715	0.462841491346073	0	0.378105277159634	0	0	0	0	0.302865127732112	0	0	0	0.768255832640487	0	0	0	0.568977386844742	0.606268409214585	0	
IL13RA2	ENSG00000123496	0	0	0	0	0	0	0	0	0	0	0	0	0	0	0	0	0	0	0	0	0	0	0	0	0	0	0	0	0	0	0	0	0	0	0	0	0	0	0	0	0	0	0	0	0	0	0	0	0	0	0	0	0	0	0	0	0	0	0	0	0	0	0	0	0	0	0	0	0	0	0	0	0	0	0	0	0	0	0	0	0	0	0	0	0	0	0	0	0	0	0	0	0	0	0	0	0	0	0	0	0	0	0	0	0	0	
GPC3	ENSG00000147257	2.17100852414222	0.248024951630507	1.29507068205571	2.29729225585432	0	2.48373870626614	1.93793841274797	1.21492540326572	2.39018560879907	2.93091624980902	2.13336674358137	2.32699762118131	2.73901772124583	0	1.90466310683844	3.3519350879678	2.1554265537733	1.78694242421765	2.06386053082824	2.2598321900161	0.65735669260846	0.551613464898668	1.85135963322335	2.29371215859329	2.62132220389061	2.97176922945099	1.32664944444131	0.625301720545847	1.42766011190328	1.93236199312976	1.31202981685134	1.69495862802837	0.549716539741545	0	0	0	0	0	0	0.714777737652454	0	0.43156512492814	0	0	0	0	0	1.70641509719746	0	1.96770895610713	1.06891866521506	0.940983344464527	1.31594293066632	0	1.51002395791989	0.87502175785893	2.02187420336749	1.00057244295202	0.56341347936321	1.78776425816077	0	0.539294288174213	2.47414349245571	0.668060053458919	0	0	0	0	3.01406157866282	1.53155802028062	3.02226851633505	2.15242704046957	1.36414975774988	1.11895174229635	1.37461526072181	0	3.70241813755417	0	2.45459297790748	0.651887531878126	2.48258151440447	1.37147927533475	0.940538955878762	1.63426636189299	0	0.586085079890897	0.572053963687112	0.931869115444325	0	2.31574019311609	0	1.55076063636605	2.77015458319082	1.40653801151048	0.494421665711272	0	1.97884935681483	0.300244658281508	1.99612975768415	0	0.320519429266155	1.72752035256053	0	0.929372568335852	0.811092287393714	0.690606895777964	
FGFR1	ENSG00000077782	0	0	0	0	0	0	0	0.582223564098183	0	0	0	0.571315155840473	0	0	0	0	0.631572747693667	0	0.377354478969618	0.619580355387026	0	0	0	0	0	0	0.440625794516518	0.625301720545847	0	0	0	0	0	0	0	0	0	0.349635323466158	0	0	0	0	0	0	0	0	0	0	0	0	0	0	0	0	0.302090711155884	0	0	0	0	0	0	0	0	0.275217177331612	0	0.681407477491389	0	0	0	0	0	0	0.458992624240594	0.708440422897799	0	0	0	0	0	0	0	0	0	0.523316903004098	0.378004032131796	0.586085079890897	0	0.414149709307715	0	0	0	0	0.825218800874265	0	0	0	0	0	0	0	0	0	0	0.32442124369555	0	0	
SDC2	ENSG00000169439	0	0	0	0	0	0	0	0.582223564098183	0	0	0	1.19748652911621	0	0.709383548401456	0.887597416492963	0.880965192598177	0	0	0	0	0	0	0.397461798749355	0.982429286745082	0	0	1.16773926456847	0	0	0.314162831585322	0	0.747448396589806	0	0	0	0	0	0	0	0.714777737652454	0	0	0	0	0	0	0	0	0	0.521057562384729	1.83396114067948	0	0	0	0.53378083487499	0	0	0	0	0.324092436147621	0	1.14561954668324	1.03386839523212	0.275217177331612	0	0	0	0	0.411934772473188	0	0.515047649077045	0.924712727184823	0.772400990139711	0	0	0	0	0	0.724727925535227	0	0	0	0	0	0.651667498176459	0	0	0	0	0	0	0	0.35589666389825	0	0	0	0	0	0	0	0	0	0	0	0	0	
CD274	ENSG00000120217	0	0	0.42543164918052	0	0	0	0	0	0.334055598088186	0	0	0	0	0	0	0	0	0	0.377354478969618	0	0.269946939809118	0	0	0	0	0	0	0	0	0.314162831585322	0	0	0	0	0	0	0	0	0	0	0	0	0	0.479338764754985	0	0	0	0	0	0	0	0	0	0	0	0	0.383923630188537	0	0	0.568462392075716	0	0	0.644986461299773	0	0	0	0	0	0	0	0	0	0	0	0	0	0	0	0	0	0	0	0	0	0	0	0	0	0	0	0	0	0	0	0	0.302865127732112	0	0	0	0.456159028255295	0	0	0	0	0	0	
TEK	ENSG00000120156	0	0	0	0	0	0	0	0	0	0	0	0	0	0	0	0	0	0	0	0	0	0	0	0	0	0	0	0	0	0	0	0	0	0	0	0	0	0	0	0	0	0	0	0	0	0	0	0	0	0	0	0	0	0	0	0	0	0	0	0	0	0	0	0	0	0	0	0	0	0	0	0	0	0	0	0	0	0	0	0	0	0	0	0	0	0	0	0	0	0	0	0	0	0	0	0	0	0	0	0	0	0	0	0	0	0	
IL11RA	ENSG00000137070	0	0	0	0	0	0	0	0	0	0	0	0	0	0	0	0	0	0	0	0	0	0	0	0	0.386871008632472	0	0	0	0	0	0	0	0	0	0.231787222151332	0	0	0	0	0	0	0	0	0	0	0	0	0	0	0	0	0	0	0	0	0	0	0	0	0	0	0	0	0	0	0	0.634694761227751	0	0	0	0	0	0	0	0	0	0	0	0	0	0	0	0	0	0	0	0	0	0	0	0	0	0	0	0	0	0	0	0	0	0.320519429266155	0	0	0	0	0	
CD44	ENSG00000026508	1.68456618557831	1.41011121917463	1.43067119413888	1.09469436081954	2.13025609178245	0.864259947665966	1.78401003029965	1.59940194037235	1.09296435383901	1.76464350542099	1.8844045768193	1.19748652911621	0.709856092689775	1.63529105164607	1.90466310683844	1.65626108371605	1.20841564854789	1.86691084196833	1.19152747761274	1.48898461954042	1.48361261470017	2.28570561442337	2.17573841232535	1.17183666109072	1.56421718507103	0.885877068119148	1.32664944444131	1.4985597408437	1.99304804663158	1.75759313963331	1.31202981685134	1.88068961090019	1.81308584581587	1.10811126406489	1.12713863327168	1.53358820468679	2.01156498549798	1.60467184313159	2.01357659596677	0.419937340665412	0.500816655036859	2.2653656140276	2.38491997245713	1.66865788710003	1.54183112734587	0.769466486800696	1.41856723447202	1.42465492595626	0.443485839446528	1.75555389961183	1.90756812859063	1.41706601978664	1.53421562797288	0.942701643237358	1.24380510138528	1.73396996742643	1.33715662181017	1.00057244295202	1.56512921689041	1.19290701904885	2.45279970662014	1.25327340697309	2.10993313675385	0.949370757493713	1.82245369798558	0.681407477491389	1.69234994921427	1.22774275369161	1.80785581972241	1.76367490705145	0.853323882556529	1.95791997026902	1.62479010519865	1.63379608064536	1.37461526072181	1.11278388023351	0.973698103205898	0.983702893276534	1.84385323064174	1.19328581726404	1.45666876632877	2.06213579458224	1.53539879795559	1.11934523655174	1.04291468106941	0	1.85681647808125	1.27128134380677	1.51105060760612	1.2835035640263	1.32364725846692	1.55076063636605	1.48606735408287	1.29240739981083	0.494421665711272	1.43116897455753	1.90432588014868	1.64909491989366	2.22663969162657	0.768255832640487	1.83893019401292	1.61906122982497	1.50362644549469	1.78875298703969	1.8591450256968	1.60537035353901	
PTPRJ	ENSG00000149177	0.290952418078204	0	0.42543164918052	0	0	0	0	0	0	0	0	0	0	0	0	0	0	0.403541073678158	0	0	0	0	0	0	0	0	0	0	0	0	0	0	0	0	0	0	0	0	0	0	0	0	0	0.479338764754985	0	0	0	0	0	0	0	0	0	0	0	0	0	0	0	0	0	0	0	0.275217177331612	0	0	0	0	0	0	0	0	0	0	0	0	0	0	0	0	0.740609358002297	0	0	0	0	0	0	0	0	0	0	0	0	0.364821646366879	0.494421665711272	0	0	0	0.49228565147233	0	0	0.456370842585382	0.530389537480292	0	0	0	
FOLH1	ENSG00000086205	0	0	0	0	0.269296019682265	0	0	0	0	0	0	0.571315155840473	0	0	0.539204916564708	0	0	0	0	0	0	0	0	0	0	0.885877068119148	0.745435218385044	0	0.253156473471347	0	0	0	0	0	0	0	0	0	0	0.419937340665412	0	0	0	0	0	0	0	0	0	0	0.390728506242066	0	0.646800373087054	0	0	0.382748470026623	0	0	0.56341347936321	0	0	0	0	0.49080652392207	0	0	0	0	0.411934772473188	0	0	0	0	0	0	0	0	0	0	0	0	0.683294884116934	0.419008866441072	0	0	0	0	0	0	0.834920768487331	0	0	0.35589666389825	0	0.494421665711272	0	0.418404036039416	0	0	0	0	0.456370842585382	0	0	0	0	
IL10RA	ENSG00000110324	0	0	0	0	0	0	0	0	0	0	0	0	0	0	0	0	0	0	0	0	0	0	0	0	0	0	0	0	0	0	0	0	0	0	0	0	0.499259380414568	0	0	0	0	0	0	0	0	0	0	0	0	0	0	0	0	0	0.302090711155884	0	0	0	0	0	0	0	0	0	0.455102949651341	0	0	0	0	0	0	0	0.458992624240594	0	0	0	0	0	0	0	0	0	0	0	0	0	0	0	0	0	0	0	0	0	0	0	0	0	0	0	0	0	0	0	0	0	
MCAM	ENSG00000076706	0	0.446596695797327	0	0	0	0	0	0	0	0	0	0	0	0	0	0	0	0	0	0	0	0	0	0	0	0	0	0	0	0	0	0	0	0	0.419829996003268	0	0	0	0.463737355879262	0.419937340665412	0.500816655036859	0	0	0.479338764754985	0	0	0	0	0	0	0	0	0	0	0	0	0	0	0	0	0	0	0	0	0	0	0	0	0	0	0	0	0.458992624240594	0	0	0	0	0	0	0	0	0	0.419008866441072	0	0	0	0	0	0	0	0	0	0	0	0	0	0	0	0	0	0.320519429266155	0	0	0	0	0	
NRP1	ENSG00000099250	0	0	0	0	0	0	0	0.582223564098183	0	0	0.657730165735909	0	0	0	0	0	0	0	0	0	0	0	0	0	0	0	0	0	0	0	0	0	0	0	0	0	0	0	0.463737355879262	0	0	0	0	0	0	0	0	0	0	0	0	0	0	0	0	0	0.383923630188537	0	0	0	0	0	0	0	0	0.681407477491389	0	0	0	0	0	0	0	0	0	0	0	0	0	0	0	0	0	0	0	0	0	0	0	0	0	0	0	0	0.823780414927689	0.302865127732112	0	0	0	0	0	0	0	0	0	0	
FGFR2	ENSG00000066468	0	0	0	0	0.269296019682265	0	0.402372535254332	0	0.334055598088186	0	0	0	0	0.709383548401456	0	0	0.903250010320301	0.403541073678158	0	0.619580355387026	0	0	0	0.442747370728218	0.386871008632472	0	0.745435218385044	0.625301720545847	0	0.314162831585322	0	0	0	0.254490789584252	0.714617864956822	0	0.499259380414568	0	0	0	1.08187458201082	0	0	0	0.799478158389315	0	0	0	0	0.861883068512222	0	0	0	0	0	0.87502175785893	0	0	0	0.324092436147621	0.393908776536814	0.305569736146805	0	0	0.455102949651341	0	1.01989098985278	0.590286443009497	0.411934772473188	0.792295084372716	0.515047649077045	0.924712727184823	0.458992624240594	0	0	0	0	0	0.724727925535227	0	0.740609358002297	0.683294884116934	0.419008866441072	0.523316903004098	0	0.586085079890897	0	0.414149709307715	0	0	0	0	0	0.631545260880337	0	0	0	0	0	0.456159028255295	0.757777796753848	0	0	0.32442124369555	0.348392499928255	0.403772302127623	
FLT1	ENSG00000102755	0	0	0	0	0	0	0	0	0	0	0	0	0	0	0	0	0	0	0	0	0	0	0	0	0	0	0	0	0	0	0	0	0	0	0	0	0	0	0	0	0	0	0	0	0	0	0	0	0	0	0	0	0	0	0	0	0	0	0	0	0	0	0	0	0	0	0	0	0	0	0	0	0	0	0	0	0	0	0	0	0	0	0	0	0	0	0	0	0	0	0	0	0	0	0	0	0	0	0	0	0	0	0	0	0	0	
ANPEP	ENSG00000166825	0	0	0	0	0	0	0	0	0	0	0	0	0	0	0	0	0	0	0	0	0	0	0	0	0	0	0	0	0	0	0	0	0	0	0	0	0	0	0	0	0	0	0	0	0.219035902721944	0	0	0	0	0	0	0	0	0	0	0	0	0	0	0	0	0	0	0	0	0	0	0	0	0	0	0	0	0	0	0	0	0	0	0	0	0	0	0	0	0	0	0	0	0	0	0	0	0	0	0	0	0	0	0	0	0	0	0	0	0	
CDH1	ENSG00000039068	0	0	0	0	0	0	0	0	0	0	0	0	0	0	0	0.534511235547053	0	0	0.377354478969618	0	0	0	0.397461798749355	0	0	0.885877068119148	0	0	0.253156473471347	0.314162831585322	0	0	0	0	0	0.546360037583594	0	0.190021065318541	0	0	0	0	0	0	0	0	0	0	0	0	0	0	0.646800373087054	0	0	0	0	0	0	0	0.393908776536814	0	0	0	0	0	0	0	0	0	0	0	0	0	0	0	0	0	0	0	0	0	0	0	0.378004032131796	1.22107156006099	0	0.414149709307715	0	0	0.378105277159634	0	0	0.364821646366879	0	0	0	0	0	0	0	0	0	0	0.606268409214585	0	
ERBB2	ENSG00000141736	0	0.248024951630507	0	0	0	0	0.402372535254332	0	0	0	0	0	0	0	0	0	0.257368707516683	0	0.377354478969618	0	0	0	0	0	0	0	0.440625794516518	0	0.253156473471347	0	0	0	0	0	0	0.546360037583594	0	0	0.463737355879262	0	0	0	0	0	0.219035902721944	0	0.419937340665412	0	0	0	0	0	0.646800373087054	0	0	0	0.660658413853436	1.00057244295202	0	0	0	0	0.644986461299773	0	0.455102949651341	0	0	0.590286443009497	0	0	0	0.924712727184823	0	0	0	0	0	0.443475843451873	0	0.378148684687755	0	0.683294884116934	0	0.523316903004098	0	0	0	0	0	0	0	0.656879287527262	0	0	0.494421665711272	0.302865127732112	0	0	0	0.456159028255295	0	0	0	0	0	0	
CDH2	ENSG00000170558	0	0	0	0	0	0	0	0	0	0	0	0	0	0	0	0	0	0	0	0	0	0	0	0	0	0	0	0	0	0	0	0	0	0	0	0	0	0	0	0	0	0	0	0	0	0	0	0	0	0	0	0	0	0	0	0	0	0	0	0	0	0	0	0	0	0	0	0	0	0	0	0	0	0	0	0	0	0	0	0	0	0	0	0	0	0	0	0	0	0	0	0	0	0	0	0	0	0	0	0	0	0	0	0	0	0	
CD93	ENSG00000125810	0	0	0	0	0	0	0	0	0	0	0	0	0	0	0	0	0	0	0	0	0	0	0	0	0	0	0	0	0	0	0	0	0	0	0	0	0	0	0	0	0	0	0	0	0	0	0	0	0	0	0	0	0	0	0	0	0	0	0	0	0	0	0	0	0	0	0	0	0	0	0	0	0	0	0	0	0	0	0	0	0	0	0	0	0	0	0	0	0	0	0	0	0	0	0	0	0	0	0	0	0	0	0	0	0	0	
MMP9	ENSG00000100985	0	0.446596695797327	0	0	0	0	0	0	0	0	0	0	0	0	0	0	0	0	0	0	0	0	0	0	0	0	0	0	0.253156473471347	0	0	0	0	0	0	0	0	0	0	0	0	0	0	0	0.219035902721944	0	0	0.372196195826602	0	0	0	0	0	0	0	0	0	0	0	0	0	0	0	0	0	0	0	0	0	0	0	0	0	0	0	0	0	0	0	0	0	0	0	0.523316903004098	0	0	0	0	0	0	0	0	0	0	0	0	0	0	0	0	0	0	0.530389537480292	0	0	0	
APP	ENSG00000142192	2.04821124330716	0.989151319349799	1.65670433898284	0	1.40864908705088	0.864259947665966	2.29421309683352	1.42552874750274	0	2.00857016411201	0.657730165735909	1.406679297344	1.63603978298393	1.41055111376809	1.90466310683844	0.534511235547053	1.20841564854789	1.78694242421765	1.04157791051824	0.619580355387026	0.935887348958428	1.16569614710451	1.08254109986801	0.74856196879729	1.46014081045004	1.34813052123023	1.16773926456847	1.82662107732651	1.10412827599337	0	0	2.17261718417667	0	0.457177565392994	0.714617864956822	1.6792872552729	1.71064061219344	0.487244899077351	1.37372230046992	0.942191816124108	0.832968475231985	0.962791123119856	0.922926737149733	1.7783447597553	1.16436374043573	0.456986237351185	1.8275547606313	0.855586068977438	0	1.48592184410926	1.6681811572396	1.98100146886658	1.71327671794977	0.420223865587343	0.721759794529886	0.658875729074646	1.20602069193096	1.94868261267918	0	1.06948401574509	0.675762213478167	0.728608154256174	1.5312265882985	0.668060053458919	1.19554013859546	0.681407477491389	1.51420041857952	1.22774275369161	1.72055408246358	1.0341409019	1.10563912687283	1.71621513021041	0.458992624240594	0.708440422897799	1.37461526072181	0.800067192106417	1.45755302208979	0.608226542362424	0.724727925535227	1.19328581726404	1.16140746530078	1.77528463202455	1.28156397431246	0.865095146570551	1.19296568852775	0	1.85681647808125	1.5242253736753	1.21025087816307	1.08415737206904	1.5424714239579	1.33138702977289	1.14336260918153	1.60187216246365	0.823780414927689	1.13859912732664	1.28028710455164	0.875783857890112	1.06751857713021	1.61859761423229	1.39196479500158	0.768565875749488	1.33457385479926	0.765323452093677	0.811092287393714	0.403772302127623	
