Gene	Gene	CACTAGGACCTTTA_7	GGGACCTGAGCATC_7	TCCTACCTGAGCTT_10	AGCAACACAAGCCT_11	CGACTCACACAGCT_11	TGCAAGACCACAAC_11	
TNFRSF18	ENSG00000186891	0	0	0	0	0	0	
TNFRSF4	ENSG00000186827	0	0	0	0	0	0	
TAS1R3	ENSG00000169962	0	0	0	0	0	0	
GABRD	ENSG00000187730	0	0	0	0	0	0	
TNFRSF14	ENSG00000157873	0	0.283461998700604	0	0.669886951273271	0.670819862508329	0	
GPR153	ENSG00000158292	0	0	0	0	0.670819862508329	0	
TNFRSF25	ENSG00000215788	0	0	0	0	0	0	
TAS1R1	ENSG00000173662	0	0	0	0	0	0	
TNFRSF9	ENSG00000049249	0	0	0	0	0	0	
GPR157	ENSG00000180758	0	0	0	0	0	0	
TNFRSF8	ENSG00000120949	0	0	0	0	0	0	
TNFRSF1B	ENSG00000028137	0	0	0	0	0	0	
EPHA2	ENSG00000142627	0	0	0.543710983500672	0	0	0	
EPHB2	ENSG00000133216	0	0	0	0	0	0	
HTR1D	ENSG00000179546	0	0	0	0	0	0	
CNR2	ENSG00000188822	0	0	0	0	0	0	
IL22RA1	ENSG00000142677	0	0	0	0	0	0	
IFNLR1	ENSG00000185436	0	0	0	0	0	0	
GPR3	ENSG00000181773	0	0	0	0	0	0	
PTAFR	ENSG00000169403	0	0	0	0	0	0	
OPRD1	ENSG00000116329	0	0	0	0	0	0	
PTPRU	ENSG00000060656	0	0	0	0	0	0.486640310547486	
HCRTR1	ENSG00000121764	0	0	0	0	0	0	
CSF3R	ENSG00000119535	1.07371338814802	1.28695661507401	1.91384348343808	1.06747684508368	1.57347093283377	0	
EPHA10	ENSG00000183317	0	0	0	0	0	0	
SLC2A1	ENSG00000117394	0	0	0	0	0	0	
TIE1	ENSG00000066056	0	0	0	0	0	0	
PTPRF	ENSG00000142949	0	0.504064930892572	0.543710983500672	0	0.670819862508329	0	
LRP8	ENSG00000157193	0	0	0	0	0	0	
ROR1	ENSG00000185483	0	0	0.543710983500672	0	0	0	
LEPR	ENSG00000116678	0	0	0	0	0	0	
IL23R	ENSG00000162594	0	0	0	0	0	0	
IL12RB2	ENSG00000081985	0	0	0	0	0	0	
PTGER3	ENSG00000050628	0	0	0	0	0	0	
PTGFR	ENSG00000122420	0	0	0	0	1.06873036024489	0	
LPAR3	ENSG00000171517	0	0	0	0	0	0	
TGFBR3	ENSG00000069702	0	0	0	0	0	0	
FRRS1	ENSG00000156869	0	0	0	0	0	0	
GPR88	ENSG00000181656	0	0	0	0	0	0	
S1PR1	ENSG00000170989	0	0	0	0	0	0	
CELSR2	ENSG00000143126	0	0	0	0	0	0	
GPR61	ENSG00000156097	0	0	0	0	0	0	
ADORA3	ENSG00000121933	0	0	0	0	0	0	
CD2	ENSG00000116824	0	0	0	0	0	0	
PTGFRN	ENSG00000134247	0	0	0	0	0	0.486640310547486	
FCGR1B	ENSG00000198019	0	0	0	0	0	0	
FCGR1A	ENSG00000150337	0	0	0	0	0	0	
NPR1	ENSG00000169418	0	0	0	0	1.06873036024489	0	
IL6R	ENSG00000160712	0	0	0	0.669886951273271	0.670819862508329	0	
CHRNB2	ENSG00000160716	0	0	0	0	0	0	
MUC1	ENSG00000185499	1.91378190340962	2.35174036246296	1.67416152804939	2.78897021892299	2.04003537833613	0	
RXFP4	ENSG00000173080	0	0	0	0	0	0	
NTRK1	ENSG00000198400	0	0	0	0	0	0	
INSRR	ENSG00000027644	0	0	0	0	0	0	
PEAR1	ENSG00000187800	0	0	0	0	0	0	
FCRL5	ENSG00000143297	0	0	0	0	0	0	
FCRL4	ENSG00000163518	0	0	0	0	0	0	
FCRL3	ENSG00000160856	0	0	0	0	0	0	
FCRL2	ENSG00000132704	0	0	0	0	0	0	
FCRL1	ENSG00000163534	0	0	0	0	0	0	
FCER1A	ENSG00000179639	0	0	0	0	0	0	
FCRL6	ENSG00000181036	0	0	0	0	0	0	
CD244	ENSG00000122223	0	0	0	0	0	0	
F11R	ENSG00000158769	0	0.283461998700604	0	0	0.670819862508329	0	
FCGR2A	ENSG00000143226	0	0.283461998700604	0	0.669886951273271	0	0	
FCGR3A	ENSG00000203747	0	0	0	0	0	0	
FCGR3B	ENSG00000162747	0	0	0	0	0	0	
FCGR2B	ENSG00000072694	0	0	0	0	0	0	
DDR2	ENSG00000162733	0	0	0	0	0	0	
GPR161	ENSG00000143147	0	0	0	0	0	0	
SELE	ENSG00000007908	0	0	0	0	0	0	
GPR52	ENSG00000203737	0	0	0	0	0	0	
CRB1	ENSG00000134376	0	0	0	0	0	0	
PTPRC	ENSG00000081237	0	0	0	0	0.670819862508329	0	
GPR25	ENSG00000170128	0	0	0	0	0	0	
GPR37L1	ENSG00000170075	0	0	0	0	0	0	
LGR6	ENSG00000133067	0	0	0	0	0	0	
ADORA1	ENSG00000163485	0	0	0	0	0	0	
PIGR	ENSG00000162896	1.07371338814802	1.19211142658888	0	0	0	0	
FCAMR	ENSG00000162897	0	0	0	0	0	0	
CR2	ENSG00000117322	0	0	0	0	0	0	
CR1	ENSG00000203710	0	0	0	0	0	0	
PLXNA2	ENSG00000076356	0	0.283461998700604	0	0	0	0	
FLVCR1	ENSG00000162769	0	0	0	0	0	0	
TLR5	ENSG00000187554	0	0	0	0	0	0	
GPR137B	ENSG00000077585	0	0	0	0	0	0.486640310547486	
CHRM3	ENSG00000133019	0	0	0	0	0	0	
OPN3	ENSG00000054277	0	0	0	0	0	0	
OR14A16	ENSG00000196772	0	0	0	0	0	0	
OR2T8	ENSG00000177462	0	0	0	0	0	0	
OR2L13	ENSG00000196071	0	0	0	0	0	0	
OR2L8	ENSG00000196936	0	0	0	0	0	0	
ALK	ENSG00000171094	0	0	0	0	0	0	
OXER1	ENSG00000162881	0	0	0	0	0	0	
LHCGR	ENSG00000138039	0	0	0	0	0	0	
GPR75	ENSG00000119737	0	0	0	0	0	0	
ANTXR1	ENSG00000169604	0	0	0	0	0	0.486640310547486	
TACR1	ENSG00000115353	0	0	0	0	0	0	
ADRA2B	ENSG00000222040	0	0	0	0	0	0	
IL1R2	ENSG00000115590	0	0	0	0	0	0	
IL1R1	ENSG00000115594	0	0.283461998700604	0.543710983500672	0	0	0.486640310547486	
IL1RL2	ENSG00000115598	0	0	0	0	0	0	
IL1RL1	ENSG00000115602	0	0	0	0	0	0	
IL18R1	ENSG00000115604	0	0	0	0	0	0	
IL18RAP	ENSG00000115607	0	0	0	0	0	0	
EDAR	ENSG00000135960	0	0	0	0	0	0	
MERTK	ENSG00000153208	0	0	0	0	0	0	
SCTR	ENSG00000080293	0	0.283461998700604	0.543710983500672	0	0.670819862508329	0	
GPR17	ENSG00000144230	0	0	0	0	0	0	
GPR39	ENSG00000183840	0	0	0	0	0	0	
CXCR4	ENSG00000121966	0	0	0	0	0.670819862508329	0	
LRP1B	ENSG00000168702	0	0	0	0	0	0	
ACVR2A	ENSG00000121989	0	0	0	0	0.670819862508329	0	
ACVR1C	ENSG00000123612	0	0	0	0	0	0	
ACVR1	ENSG00000115170	0	0	0	0	0	0	
LY75	ENSG00000054219	0	0	0	0	0	0	
PLA2R1	ENSG00000153246	0	0	0	0	0	0	
LRP2	ENSG00000081479	0	0	0	0	0	0	
GPR155	ENSG00000163328	0	0.283461998700604	0	0	0	0	
CHRNA1	ENSG00000138435	0	0	0	0	0	0	
ITGA4	ENSG00000115232	0	0	0	0	0	0	
ITGAV	ENSG00000138448	0	0	0	0	0	0	
CALCRL	ENSG00000064989	0	0	0	0	0	0	
FZD7	ENSG00000155760	0	0	0	0	0	0	
BMPR2	ENSG00000204217	0	0	0	0	0	0	
GPR1	ENSG00000183671	0	0	0	0	0	0	
FZD5	ENSG00000163251	0	0	0	0	0.670819862508329	0	
PTH2R	ENSG00000144407	0	0	0	0	0	0	
ERBB4	ENSG00000178568	0	0	0	0	0	0	
CXCR2	ENSG00000180871	0	0	0	0	0	0	
CXCR1	ENSG00000163464	0	0	0	0	0	0	
GPBAR1	ENSG00000179921	0	0	0	0	0	0	
PTPRN	ENSG00000054356	0	0	0	0	0	0	
EPHA4	ENSG00000116106	0	0	0	0	0	0	
GPR55	ENSG00000135898	0	0	0	0	0	0	
HTR2B	ENSG00000135914	0	0	0	0	0	0	
NMUR1	ENSG00000171596	0	0	0	0	0	0	
ACKR3	ENSG00000144476	0	0	0	0	0	0	
GPR35	ENSG00000178623	0	0	0	0	0	0	
IL5RA	ENSG00000091181	0	0	0	0	0	0	
GRM7	ENSG00000196277	0	0	0	0	0	0	
OXTR	ENSG00000180914	0	0	0	0	0	0	
LHFPL4	ENSG00000156959	0	0	0	0	0	0	
IL17RE	ENSG00000163701	0	0	0	0	0	0	
IL17RC	ENSG00000163702	0.674531366780276	0	0	0	0	0	
HRH1	ENSG00000196639	0	0	0	0	0	0	
TGFBR2	ENSG00000163513	0	0.684689148534465	0.543710983500672	0	0.670819862508329	0.486640310547486	
CCR4	ENSG00000183813	0	0	0	0	0	0	
ACVR2B	ENSG00000114739	0.674531366780276	0	0	0	0	0	
CX3CR1	ENSG00000168329	0	0	0	0	0	0	
CCR8	ENSG00000179934	0	0	0	0	0	0	
VIPR1	ENSG00000114812	0	0.504064930892572	0	0	0	0	
ACKR2	ENSG00000144648	0	0	0	0	0	0	
CCR9	ENSG00000173585	0	0	0	0	0	0	
CXCR6	ENSG00000172215	0	0	0	0	0	0	
XCR1	ENSG00000173578	0	0	0	0	0	0	
CCR3	ENSG00000183625	0	0	0	0	0	0	
CCR1	ENSG00000163823	0	0	0	0	0	0	
CCR2	ENSG00000121807	0	0	0	0	0	0	
CCR5	ENSG00000160791	0	0	0	0	0	0	
CCRL2	ENSG00000121797	0	0	0	0	0	0	
PTH1R	ENSG00000160801	0	0	0	0	0	0	
CELSR3	ENSG00000008300	0	0	0	0	0	0	
MST1R	ENSG00000164078	0	0.684689148534465	0	0	0	0	
GRM2	ENSG00000164082	0	0	0	0	0	0	
GPR62	ENSG00000180929	0	0	0	0	0	0	
TLR9	ENSG00000239732	0	0	0	0	0	0	
STAB1	ENSG00000010327	0	0	0	0	0	0	
IL17RB	ENSG00000056736	0	0	0	0	0	0	
IL17RD	ENSG00000144730	0	0	0	0	0	0	
PTPRG	ENSG00000144724	0	0	0	0	0.670819862508329	0	
GPR27	ENSG00000170837	0	0	0	0	0	0	
ROBO2	ENSG00000185008	0	0	0	0	0	0	
ROBO1	ENSG00000169855	0	0	0	0	0	0	
HTR1F	ENSG00000179097	0	0	0	0	0	0	
EPHA3	ENSG00000044524	0	0	0	0	0	0	
EPHA6	ENSG00000080224	0	0	0	0	0	0	
GABRR3	ENSG00000183185	0	0	0	0	0	0	
GPR15	ENSG00000154165	0	0	0	0	0	0	
IMPG2	ENSG00000081148	0	0	0	0	0	0	
TRAT1	ENSG00000163519	0	0	0	0	0	0	
CD200R1L	ENSG00000206531	0	0	0	0	0	0	
CD200R1	ENSG00000163606	0	0	0	0	0	0	
TIGIT	ENSG00000181847	0	0	0	0	0	0	
GPR156	ENSG00000175697	0	0	0	0	0	0	
ILDR1	ENSG00000145103	0	0	0	0	0	0	
CASR	ENSG00000036828	0	0	0	0	0	0	
TPRA1	ENSG00000163870	0.674531366780276	0	0	0.669886951273271	0	0	
RHO	ENSG00000163914	0	0	0	0	0	0	
ACKR4	ENSG00000129048	0	0	0	0	0	0	
RYK	ENSG00000163785	0	0.283461998700604	0	0	0	0	
EPHB1	ENSG00000154928	0	0	0	0	0	0	
IL20RB	ENSG00000174564	0	0	0	0	0	0	
AGTR1	ENSG00000144891	0	0	0	0	0	0	
GPR171	ENSG00000174946	0	0	0	0	0	0	
P2RY14	ENSG00000174944	0	0	0	0	0	0	
GPR87	ENSG00000138271	0	0	0	0	0	0	
P2RY13	ENSG00000181631	0	0	0	0	0	0	
P2RY12	ENSG00000169313	0	0	0	0	0	0	
SUCNR1	ENSG00000198829	0	0	0	0	0	0	
P2RY1	ENSG00000169860	0	0	0	0	0	0	
GPR149	ENSG00000174948	0	0	0	0	0	0	
GPR160	ENSG00000173890	0	0.283461998700604	0	0.669886951273271	0	0	
HTR3C	ENSG00000178084	0	0	0	0	0	0	
HTR3E	ENSG00000186038	0	0	0	0	0	0	
EPHB3	ENSG00000182580	0	0	0	0	0	0	
IL1RAP	ENSG00000196083	0	0	0	0	0	0	
FGFRL1	ENSG00000127418	0	0	0	0	0	0	
FGFR3	ENSG00000068078	0	0	0	0	0	0	
ADRA2C	ENSG00000184160	0	0	0	0	0	0	
SORCS2	ENSG00000184985	0	0	0	0	0	0	
GPR78	ENSG00000155269	0	0	0	0	0	0	
DRD5	ENSG00000169676	0	0	0	0	0	0	
PROM1	ENSG00000007062	0	0	0	0	0	0	
TLR10	ENSG00000174123	0	0	0	0	0	0	
TLR1	ENSG00000174125	0	0	0	0	0	0	
TLR6	ENSG00000174130	0	0	0	0	0	0	
CHRNA9	ENSG00000174343	0	0	0	0	0	0	
GABRA2	ENSG00000151834	0	0	0	0	0	0	
GABRA4	ENSG00000109158	0	0	0	0	0	0	
GABRB1	ENSG00000163288	0	0	0	0	0	0	
CORIN	ENSG00000145244	0	0	0	0	0	0	
PDGFRA	ENSG00000134853	0	0	0	0	0	0.486640310547486	
KIT	ENSG00000157404	0	0	0	0	0	0	
KDR	ENSG00000128052	0	0	0	0	0	0	
NPFFR2	ENSG00000056291	0	0	0	0	0	0	
SCARB2	ENSG00000138760	1.07371338814802	0	0	0	1.06873036024489	0	
ANTXR2	ENSG00000163297	0	0.283461998700604	0	0	0	0	
PKD2	ENSG00000118762	0	0	0	0	0	0	
UNC5C	ENSG00000182168	0	0	0	0	0	0.486640310547486	
RRH	ENSG00000180245	0	0	0	0	0	0	
QRFPR	ENSG00000186867	0	0	0	0	0	0	
EDNRA	ENSG00000151617	0	0	0	0	0	0	
TLR2	ENSG00000137462	0	0	0	0	0	0	
GLRB	ENSG00000109738	0	0	0	0	0	0	
GRIA2	ENSG00000120251	0	0	0	0	0	0	
RXFP1	ENSG00000171509	0	0	0	0	0	0	
NPY1R	ENSG00000164128	0	0	0	0	0	0	
NPY5R	ENSG00000164129	0	0	0	0	0	0	
GLRA3	ENSG00000145451	0	0	0	0	0	0	
TLR3	ENSG00000164342	0.674531366780276	0.283461998700604	0	0	0	0	
NPR3	ENSG00000113389	0	0	0.893952493585295	0	0	0	
PRLR	ENSG00000113494	0	0	0	0	0	0	
IL7R	ENSG00000168685	0	0	0	0	0	0	
LIFR	ENSG00000113594	0	0	0	0	0	0	
OSMR	ENSG00000145623	0	0	0	0	0.670819862508329	0	
PTGER4	ENSG00000171522	0	0	0	0	0	0	
GHR	ENSG00000112964	0	0	0	0	0	0	
ITGA2	ENSG00000164171	0	0	0	0	0	0.486640310547486	
IL31RA	ENSG00000164509	0	0	0	0	0	0	
IL6ST	ENSG00000134352	0.674531366780276	0	0.543710983500672	0	0	0	
F2RL2	ENSG00000164220	0	0	0	0	0	0	
F2R	ENSG00000181104	0	0	0	0	0	0.486640310547486	
F2RL1	ENSG00000164251	0	0	0	0	0	0	
GPR150	ENSG00000178015	0	0	0	0	0	0	
RGMB	ENSG00000174136	0.674531366780276	0	0.543710983500672	0	0.670819862508329	0	
MEGF10	ENSG00000145794	0	0	0	0	0	0	
GFRA3	ENSG00000146013	0	0	0	0	0	0	
HBEGF	ENSG00000113070	0	0	0	0.669886951273271	0	0	
CD14	ENSG00000170458	0	0	0	0	0	0	
HTR4	ENSG00000164270	0	0	0	0	0	0	
ADRB2	ENSG00000169252	0	0	0	0.669886951273271	0	0	
CSF1R	ENSG00000182578	0	0	0	0	0	0	
PDGFRB	ENSG00000113721	0	0	0	0	0	0	
NMUR2	ENSG00000132911	0	0	0	0	0	0	
GRIA1	ENSG00000155511	0	0	0	0	0	0	
HAVCR1	ENSG00000113249	0	0	0	0	0	0	
HAVCR2	ENSG00000135077	0	0	0	0	0	0	
GABRB2	ENSG00000145864	0	0	0	0	0	0	
GABRG2	ENSG00000113327	0	0	0	0	0	0	
GABRP	ENSG00000094755	0	0	0	0	0	0	
DRD1	ENSG00000184845	0	0	0	0	0	0	
HRH2	ENSG00000113749	0	0	0	0	0	0	
UNC5A	ENSG00000113763	0	0	0	0	0	0	
FGFR4	ENSG00000160867	0	0	0	0	0	0	
GRM6	ENSG00000113262	0	0	0	0	0	0	
FLT4	ENSG00000037280	0	0	0	0	0	0	
BTNL3	ENSG00000168903	0	0	0	0	0	0	
SSR1	ENSG00000124783	0.674531366780276	0	0	0.669886951273271	0.670819862508329	0.81256563060155	
OR2B6	ENSG00000124657	0	0	0	0	0	0	
MAS1L	ENSG00000204687	0	0	0	0	0	0	
GABBR1	ENSG00000204681	0	0	0	0	0	0	
DDR1	ENSG00000204580	0	0	0	0	0	0	
NCR3	ENSG00000204475	0	0	0	0	0	0	
AGER	ENSG00000204305	0	0	0	0.669886951273271	0.670819862508329	0	
GRM4	ENSG00000124493	0	0	0	0	0	0	
TREM2	ENSG00000095970	0	0	0	0	0	0	
TREML2	ENSG00000112195	0	0	0	0	0	0	
TREM1	ENSG00000124731	0	0	0	0	0.670819862508329	0.486640310547486	
NCR2	ENSG00000096264	0	0	0	0	0	0	
PTCRA	ENSG00000171611	0	0	0	0	0	0	
PTK7	ENSG00000112655	0	0	0	0	0	0.486640310547486	
TNFRSF21	ENSG00000146072	0	0	0	0	0	0	
CNR1	ENSG00000118432	0	0	0	0	0	0	
GABRR1	ENSG00000146276	0	0	0	0	0	0	
EPHA7	ENSG00000135333	0	0	0	0	0	0	
GPR63	ENSG00000112218	0	0	0	0	0	0	
MCHR2	ENSG00000152034	0	0	0	0	0	0	
GRIK2	ENSG00000164418	0	0	0	0	0	0	
GPRC6A	ENSG00000173612	0	0	0	0	0	0	
ROS1	ENSG00000047936	0.674531366780276	0	0	0	0	0	
PTPRK	ENSG00000152894	0	0	0	0	1.06873036024489	0	
IL20RA	ENSG00000016402	0	0.283461998700604	0	0.669886951273271	0	0	
IFNGR1	ENSG00000027697	0.674531366780276	0.283461998700604	1.15283538124983	0.669886951273271	1.06873036024489	0	
NMBR	ENSG00000135577	0	0	0	0	0	0	
GRM1	ENSG00000152822	0	0	0	0	0	0	
LRP11	ENSG00000120256	0	0	0	0	0	0	
OPRM1	ENSG00000112038	0	0	0	0	0	0	
MAS1	ENSG00000130368	0	0	0	0	0	0	
IGF2R	ENSG00000197081	0.674531366780276	0	0.893952493585295	0	0	0	
CCR6	ENSG00000112486	0	0	0	0	0	0	
GPR146	ENSG00000164849	0	0	0	0	0	0	
GPER1	ENSG00000164850	0	0	0	0	0	0	
CRHR2	ENSG00000106113	0	0	0	0	0	0	
GHRHR	ENSG00000106128	0	0	0	0	0	0	
ADCYAP1R1	ENSG00000078549	0	0	0	0	0	0	
GPR141	ENSG00000187037	0	0	0	0	0	0	
TRGC2	ENSG00000227191	1.35823905100875	0.504064930892572	0	0	1.06873036024489	0	
RAMP3	ENSG00000122679	0	0	0	0	0	0	
PKD1L1	ENSG00000158683	0	0	0	0	0	0	
EGFR	ENSG00000146648	0	0	0	0	0	0	
FZD9	ENSG00000188763	0	0	0	0	0	0	
CLDN3	ENSG00000165215	1.57948396326973	0.283461998700604	0.543710983500672	1.06747684508368	1.06873036024489	0	
CLDN4	ENSG00000189143	2.45050847357102	1.72063181009855	0.543710983500672	1.35119793049337	1.90732391246106	0	
ZP3	ENSG00000188372	0	0	0	0	0	0	
CD36	ENSG00000135218	0	0.504064930892572	0	0	0	0	
GRM3	ENSG00000198822	0	0	0	0	0	0	
FZD1	ENSG00000157240	0	0	0	0	0	0	
CALCR	ENSG00000004948	0	0	0	0	0	0	
OR2AE1	ENSG00000244623	0	0	0	0	0	0	
PILRB	ENSG00000121716	0	0	0	0	0	0	
PILRA	ENSG00000085514	0	0	0	0	0	0	
EPHB4	ENSG00000196411	0	0	0	0	0.670819862508329	0	
GPR22	ENSG00000172209	0	0	0	0	0	0	
GPR85	ENSG00000164604	0	0	0	0	0	0	
MET	ENSG00000105976	0	0	0.543710983500672	0	0	0	
PTPRZ1	ENSG00000106278	0	0	0	0	0	0	
GPR37	ENSG00000170775	0	0	0	0	0	0	
GRM8	ENSG00000179603	0	0	0	0	0	0	
SMO	ENSG00000128602	0	0	0	0	0	0	
CHRM2	ENSG00000181072	0	0	0	0	0	0	
TAS2R4	ENSG00000127364	0	0	0	0	0	0	
EPHB6	ENSG00000106123	0	0	0	0	0	0	
TRPV6	ENSG00000165125	0	0	0	0	0	0	
TRPV5	ENSG00000127412	0	0	0	0	0	0	
EPHA1	ENSG00000146904	0	0	0	0	0	0	
PTPRN2	ENSG00000155093	0	0.283461998700604	0	0	0	0.486640310547486	
VIPR2	ENSG00000106018	0	0	0	0	0	0	
CRLF2	ENSG00000205755	0	0	0	0	0	0	
CSF2RA	ENSG00000198223	0	0	0	0	0	0	
IL3RA	ENSG00000185291	0	0	0	0	0	0	
P2RY8	ENSG00000182162	0	0	0	0	0	0	
GPR143	ENSG00000101850	0	0	0	0	0	0	
TLR7	ENSG00000196664	0	0	0	0	0	0	
TLR8	ENSG00000101916	0	0	0	0	0	0	
GLRA2	ENSG00000101958	0	0	0	0	0	0	
IL1RAPL1	ENSG00000169306	0	0	0	0	0	0	
GPR34	ENSG00000171659	0	0	0	0	0	0	
GPR82	ENSG00000171657	0	0	0	0	0	0	
GPR173	ENSG00000184194	0	0	0	0	0	0	
EDA2R	ENSG00000131080	0	0	0	0	0	0	
IL2RG	ENSG00000147168	0	0	0	0	0	0	
CXCR3	ENSG00000186810	0	0	0	0	0	0	
CYSLTR1	ENSG00000173198	0	0	0	0	0	0	
LPAR4	ENSG00000147145	0	0	0	0	0	0	
P2RY10	ENSG00000078589	0	0	0	0	0	0	
GPR174	ENSG00000147138	0	0	0	0	0	0	
IL1RAPL2	ENSG00000189108	0	0	0	0	0	0	
HTR2C	ENSG00000147246	0	0	0	0	0	0	
IL13RA2	ENSG00000123496	0	0	0	0	0	0	
AGTR2	ENSG00000180772	0	0.283461998700604	0	0	0	0	
IL13RA1	ENSG00000131724	0	0	0.543710983500672	0.669886951273271	0	0.486640310547486	
GRIA3	ENSG00000125675	0	0	0	0	0	0	
GPC3	ENSG00000147257	0.674531366780276	0.283461998700604	0	0	0	0	
GABRE	ENSG00000102287	0	0	0	0	0	0	
GABRA3	ENSG00000011677	0	0	0	0	0	0	
GABRQ	ENSG00000147402	0	0	0	0	0	0	
AVPR2	ENSG00000126895	0	0	0	0	0	0	
IL9R	ENSG00000124334	0	0	0	0	0	0	
MSR1	ENSG00000038945	0	0	0	0	0	0	
GFRA2	ENSG00000168546	0	0	0	0	0	0	
TNFRSF10C	ENSG00000173535	0.674531366780276	0	0	0	0	0	
TNFRSF10D	ENSG00000173530	0	0	0	0	0	0	
TNFRSF10A	ENSG00000104689	0	0	0	0	0	0	
CHRNA2	ENSG00000120903	0	0	0	0	0	0	
SCARA5	ENSG00000168079	0	0	0	0	0	0	
FZD3	ENSG00000104290	0	0	0	0	0.670819862508329	0	
ADRB3	ENSG00000188778	0	0	0	0	0	0	
FGFR1	ENSG00000077782	0	0	0	0	0	0	
SLC20A2	ENSG00000168575	0	0	0	0.669886951273271	0	0	
CHRNA6	ENSG00000147434	0	0	0	0	0	0	
OPRK1	ENSG00000082556	0	0	0	0	0	0	
SDC2	ENSG00000169439	0	0	0	0	0.670819862508329	0	
FZD6	ENSG00000164930	0	0	0	0	0	0	
LRP12	ENSG00000147650	0	0	0	0.669886951273271	0	0	
GPR20	ENSG00000204882	0	0	0	0	0	0	
SLC52A2	ENSG00000185803	0	0	0	0	0.670819862508329	0.81256563060155	
VLDLR	ENSG00000147852	0	0	0	0	0	0	
CD274	ENSG00000120217	0	0	0	0	0	0	
PTPRD	ENSG00000153707	0	0	0	0	0	0	
TEK	ENSG00000120156	0	0	0	0	0	0	
CNTFR	ENSG00000122756	0	0	0	0	0	0	
IL11RA	ENSG00000137070	0	0	0	0	0	0	
NPR2	ENSG00000159899	0	0	0	0	0	0	
NTRK2	ENSG00000148053	0	0	0	0	0	0	
S1PR3	ENSG00000213694	0	0	0	0	0	0.486640310547486	
ROR2	ENSG00000169071	0	0	0	0	0	0	
GABBR2	ENSG00000136928	0	0	0	0	0	0	
TGFBR1	ENSG00000106799	0	0	0	0	0	0	
GRIN3A	ENSG00000198785	0	0	0	0	0	0	
MUSK	ENSG00000030304	0	0	0	0	0	0	
LPAR1	ENSG00000198121	0	0	0	0	0	0	
TLR4	ENSG00000136869	0	0	0	0	0	0	
GPR107	ENSG00000148358	0	0	0	0	0	0	
GRIN1	ENSG00000176884	0	0	0	0	0	0	
SIGIRR	ENSG00000185187	0	0.283461998700604	0	0.669886951273271	0	0	
DRD4	ENSG00000069696	0	0	0	0	0	0	
CHRNA10	ENSG00000129749	0	0	0	0	0	0	
OR52K2	ENSG00000181963	0	0	0	0	0	0	
OR51E1	ENSG00000180785	0	0	0	0	0	0	
OR51E2	ENSG00000167332	0	0	0	0	0	0	
OR51B4	ENSG00000183251	0	0	0	0	0	0	
OR51I1	ENSG00000167359	0	0	0	0	0	0	
OR52H1	ENSG00000181616	0	0	0	0	0	0	
OR52N4	ENSG00000181074	0	0	0	0	0	0	
CCKBR	ENSG00000110148	0	0	0	0	0	0	
OR5P2	ENSG00000183303	0	0	0	0	0	0	
LYVE1	ENSG00000133800	0	0	0	0	0	0	
NCR3LG1	ENSG00000188211	0	0	0	0	0	0	
LGR4	ENSG00000205213	0	0	0	0	0	0	
CD44	ENSG00000026508	0	0	0.543710983500672	0.669886951273271	1.06873036024489	1.41929546781669	
LDLRAD3	ENSG00000179241	0	0	0	0	0	0	
LRP4	ENSG00000134569	0	0	0	0	0	0	
PTPRJ	ENSG00000149177	0	0	0	0	0	0	
FOLH1	ENSG00000086205	0	0	0	0	0	0	
APLNR	ENSG00000134817	0	0	0	0	0	0	
RTN4RL2	ENSG00000186907	0	0.283461998700604	0	0	0	0	
PTGDR2	ENSG00000183134	0	0	0	0	0	0	
ZP1	ENSG00000149506	0	0	0	0	0	0	
CD6	ENSG00000013725	0	0	0	0	0	0	
CD5	ENSG00000110448	0	0	0	0	0	0	
CHRM1	ENSG00000168539	0	0	0	0	0	0	
GPR137	ENSG00000173264	0	0.283461998700604	0	0	0	0	
LRP5	ENSG00000162337	0	0	0	0	0	0	
MRGPRF	ENSG00000172935	0	0	0	0	0	0	
FOLR1	ENSG00000110195	1.35823905100875	2.41227064605919	1.15283538124983	2.95106496677549	1.57347093283377	0	
FOLR2	ENSG00000165457	0	0	0	0	0	0	
P2RY2	ENSG00000175591	0	0	0	0	0	0	
P2RY6	ENSG00000171631	0.674531366780276	0.504064930892572	0	0	0	0	
RELT	ENSG00000054967	0	0	0	0	0	0	
FZD4	ENSG00000174804	0	0	0	0	0	0	
GRM5	ENSG00000168959	0	0	0	0	0	0	
GPR83	ENSG00000123901	0	0	0	0	0	0	
TMEM123	ENSG00000152558	0	1.19211142658888	0.543710983500672	0	1.06873036024489	0.486640310547486	
GRIA4	ENSG00000152578	0	0	0	0	0	0	
DRD2	ENSG00000149295	0	0	0	0	0	0	
TMPRSS5	ENSG00000166682	0	0	0	0	0	0	
HTR3B	ENSG00000149305	0	0	0	0	0	0	
HTR3A	ENSG00000166736	0	0	0	0	0	0	
TMPRSS13	ENSG00000137747	0	0	0	0	0	0	
IL10RA	ENSG00000110324	0	0	0	0	0	0	
CXCR5	ENSG00000160683	0	0	0	0	0	0	
MCAM	ENSG00000076706	0	0	0	0.669886951273271	0	0	
GRIK4	ENSG00000149403	0	0	0	0	0	0	
SORL1	ENSG00000137642	0	0	0	0	0	0	
CLMP	ENSG00000166250	0	0	0	0	0	0.486640310547486	
ROBO3	ENSG00000154134	0	0	0	0	0	0	
IL15RA	ENSG00000134470	0	0.504064930892572	0	0	0.670819862508329	0.81256563060155	
IL2RA	ENSG00000134460	0	0	0	0	0	0	
MRC1	ENSG00000120586	0	0	0	0	0	0	
MALRD1	ENSG00000204740	0	0	0	0	0	0	
GPR158	ENSG00000151025	0	0	0	0	0	0	
ITGB1	ENSG00000150093	0	0	0	1.06747684508368	0	0	
NRP1	ENSG00000099250	0	0	0	0	0	0	
FZD8	ENSG00000177283	0	0	0	0	0	0	
RET	ENSG00000165731	0	0	0	0	0	0	
OR13A1	ENSG00000256574	0	0	0	0	0	0	
TACR2	ENSG00000075073	0	0	0	0	0	0	
NPFFR1	ENSG00000148734	0	0	0	0	0	0	
UNC5B	ENSG00000107731	0	0	0	0	0	0	
GRID1	ENSG00000182771	0	0	0	0	0	0	
OPN4	ENSG00000122375	0	0	0	0	0	0	
BMPR1A	ENSG00000107779	0	0	0	0	0	0	
FAS	ENSG00000026103	0	0	0.543710983500672	0	0	0	
HTR7	ENSG00000148680	0	0	0	0	0	0	
FFAR4	ENSG00000186188	0	0	0	0	0	0	
PKD2L1	ENSG00000107593	0	0	0	0	0	0	
SORCS3	ENSG00000156395	0	0	0	0	0	0	
SORCS1	ENSG00000108018	0	0	0	0	0	0	
ADRA2A	ENSG00000150594	0	0	0	0	0	0	
ADRB1	ENSG00000043591	0	0	0	0	0	0	
GFRA1	ENSG00000151892	0	0	0	0	0	0	
PRLHR	ENSG00000119973	0	0	0	0	0	0	
FGFR2	ENSG00000066468	0	0	0.543710983500672	0	0	0.486640310547486	
CALY	ENSG00000130643	0	0	0	0	0	0	
ADIPOR2	ENSG00000006831	0.674531366780276	0	0	0	0	0.486640310547486	
TNFRSF1A	ENSG00000067182	0	0.684689148534465	1.15283538124983	1.06747684508368	0.670819862508329	0.486640310547486	
LTBR	ENSG00000111321	0.674531366780276	0.283461998700604	0	0	0.670819862508329	0.486640310547486	
CD27	ENSG00000139193	0	0	0	0	0	0	
LPAR5	ENSG00000184574	0	0	0	0	0	0	
GPR162	ENSG00000250510	0	0	0	0	0	0	
CD163L1	ENSG00000177675	0	0	0	0	0	0	
CD163	ENSG00000177575	0	0	0	0	0	0	
C3AR1	ENSG00000171860	0	0	0	0	0	0	
M6PR	ENSG00000003056	0.674531366780276	0.283461998700604	0	0.669886951273271	0	0.486640310547486	
KLRG1	ENSG00000139187	0	0	0	0	0	0	
KLRB1	ENSG00000111796	0	0	0	0	0	0	
KLRF1	ENSG00000150045	0	0	0	0	0	0	
CLEC12A	ENSG00000172322	0	0	0	0	0	0	
CLEC7A	ENSG00000172243	0	0	0	0	0	0	
OLR1	ENSG00000173391	0	0	0	0	0	0	
KLRK1	ENSG00000213809	0	0	0	0	0	0	
KLRC3	ENSG00000205810	0	0	0	0	0	0	
KLRC2	ENSG00000205809	0	0	0	0	0	0	
KLRC1	ENSG00000134545	0	0	0	0	0	0	
TAS2R10	ENSG00000121318	0	0	0	0	0	0	
TAS2R14	ENSG00000212127	0	0	0	0	0	0	
TAS2R20	ENSG00000255837	0	0	0	0	0	0	
TAS2R19	ENSG00000212124	0	0	0	0	0	0	
TAS2R46	ENSG00000226761	0	0	0	0	0	0	
TAS2R30	ENSG00000256188	0	0	0	0	0	0	
LRP6	ENSG00000070018	0	0	0	0	0	0	
GPR19	ENSG00000183150	0	0	0	0	0	0	
GPRC5A	ENSG00000013588	1.91378190340962	0.283461998700604	0.543710983500672	1.35119793049337	0	0	
GPRC5D	ENSG00000111291	0	0	0	0	0	0	
GUCY2C	ENSG00000070019	0	0	0	0	0	0	
PTPRO	ENSG00000151490	0	0	0	0	0	0	
ABCC9	ENSG00000069431	0	0	0	0	0	0	
OR8S1	ENSG00000197376	0	0	0	0	0	0	
ACVRL1	ENSG00000139567	0	0	0	0	0	0.486640310547486	
ACVR1B	ENSG00000135503	0	0	0	0	0	0	
AMHR2	ENSG00000135409	0	0	0	0	0	0	
GPR84	ENSG00000139572	0	0	0	0	0	0	
ITGA5	ENSG00000161638	0	0	0	0	0	1.05797223570855	
ERBB3	ENSG00000065361	0.674531366780276	0.283461998700604	0.543710983500672	0.669886951273271	0	0	
GPR182	ENSG00000166856	0	0	0	0	0	0	
LRP1	ENSG00000123384	0	0	0	0	0	0	
AVPR1A	ENSG00000166148	0	0	0	0	0	0	
PTPRB	ENSG00000127329	0	0	0	0	0	0	
PTPRR	ENSG00000153233	0	0	0	0	0	0	
LGR5	ENSG00000139292	0	0	0	0	0	0	
PTPRQ	ENSG00000139304	0	0	0	0	0	0	
STAB2	ENSG00000136011	0	0	0	0	0	0	
CMKLR1	ENSG00000174600	0	0	0	0	0	0	
TRPV4	ENSG00000111199	0	0	0	0	0	0	
P2RX7	ENSG00000089041	0	0	0	0	0	0	
P2RX4	ENSG00000135124	0	0.283461998700604	0	0	0.670819862508329	0	
HCAR2	ENSG00000182782	0	0.837625676972788	0	0	0	0	
HCAR3	ENSG00000255398	0	0	0	0	0	0	
HCAR1	ENSG00000196917	0	0	0	0	0	0	
SCARB1	ENSG00000073060	0	0	0	0	0	0	
FZD10	ENSG00000111432	0	0	0	0	0	0	
P2RX2	ENSG00000187848	0	0	0	0	0	0	
TNFRSF19	ENSG00000127863	0	0	0	0	0	0	
GPR12	ENSG00000132975	0	0	0	0	0	0	
FLT3	ENSG00000122025	0	0	0	0	0	0	
FLT1	ENSG00000102755	0	0	0	0	0	3.47636877674287	
SLC7A1	ENSG00000139514	0	0	0	0	0	0.81256563060155	
HTR2A	ENSG00000102468	0	0	0	0	0	0	
LPAR6	ENSG00000139679	0	0	0	0	0	0	
CYSLTR2	ENSG00000152207	0	0	0	0	0	0	
EDNRB	ENSG00000136160	0	0	0	0.669886951273271	0	0	
GPR180	ENSG00000152749	0	0	0	2.52157578583493	0	0	
OXGR1	ENSG00000165621	0	0	0	0	0	0	
GPR18	ENSG00000125245	0	0	0	0	0	0	
GPR183	ENSG00000169508	0	0	0	0	0	0	
EFNB2	ENSG00000125266	0	0.283461998700604	0	0	0	0	
LRP10	ENSG00000197324	0	0.684689148534465	0.543710983500672	0.669886951273271	0.670819862508329	0.81256563060155	
SLC22A17	ENSG00000092096	0	0	0	0	0	0.486640310547486	
LTB4R2	ENSG00000213906	0	0	0	0	0	0	
LTB4R	ENSG00000213903	0	0	0	0	0	0	
SSTR1	ENSG00000139874	0	0	0	0	0	0	
PTGDR	ENSG00000168229	0	0	0	0	0	0	
PTGER2	ENSG00000125384	0	0	0	0	0	0	
GPR137C	ENSG00000180998	0	0	0	0	0	0	
FLVCR2	ENSG00000119686	0	0	0	0	0	0	
TSHR	ENSG00000165409	0	0	0	0	0	0	
GPR65	ENSG00000140030	0	0	0	0	0	0	
GPR68	ENSG00000119714	0	0	0	0	0	0.486640310547486	
BDKRB2	ENSG00000168398	0	0	0	0	0	0	
BDKRB1	ENSG00000100739	0	0	0	0	0	0	
GPR132	ENSG00000183484	0	0	0	0	0	0	
GABRB3	ENSG00000166206	0	0	0	0	0	0	
CHRNA7	ENSG00000175344	0	0	0	0	0	0	
CHRM5	ENSG00000184984	0	0	0	0	0	0	
GPR176	ENSG00000166073	0	0	0	0	0	0	
LTK	ENSG00000062524	0	0	0	0	0	0	
TYRO3	ENSG00000092445	0	0	0	0	0	0	
NPTN	ENSG00000156642	0	0.283461998700604	0	0	0	0	
CHRNA5	ENSG00000169684	0	0	0	0	0	0	
CHRNA3	ENSG00000080644	0	0	0	0	0	0	
CHRNB4	ENSG00000117971	0	0	0	0	0	0	
NTRK3	ENSG00000140538	0	0	0	0	0	0	
ANPEP	ENSG00000166825	0	0	0	0	0	0	
FURIN	ENSG00000140564	0	0	0	0	0.670819862508329	0.486640310547486	
RGMA	ENSG00000182175	0	0	0	0	0	0	
IGF1R	ENSG00000140443	0	0	0	0	0	0	
PKD1	ENSG00000008710	0	0	0	0	0	0	
GRIN2A	ENSG00000183454	0	0	0	0	0	0	
TNFRSF17	ENSG00000048462	0	0	0	0	0	0	
GPRC5B	ENSG00000167191	0	0	0	0	0	0	
IL4R	ENSG00000077238	0.674531366780276	0.283461998700604	0	0	0	0	
IL21R	ENSG00000103522	0	0	0	0	0	0	
SEZ6L2	ENSG00000174938	0	0.504064930892572	0.543710983500672	1.06747684508368	0	0	
ITGAM	ENSG00000169896	0	0	0	0	0	0	
ITGAX	ENSG00000140678	0	0	0	0	0	0	
CDH1	ENSG00000039068	0.674531366780276	0	0	0	0	0	
PKD1L3	ENSG00000187008	0	0	0	0	0	0	
MC1R	ENSG00000258839	0	0	0	0	0	0.486640310547486	
SCARF1	ENSG00000074660	0	0	0.543710983500672	0	0	0	
RTN4RL1	ENSG00000185924	0	0.504064930892572	0	0	0	0	
P2RX1	ENSG00000108405	0	0	0	0	0	0	
CXCL16	ENSG00000161921	0	0.283461998700604	0.543710983500672	1.06747684508368	0.670819862508329	0	
CHRNE	ENSG00000108556	0	0	0	0	0	0	
SLC52A1	ENSG00000132517	0	0	0	0	0	0	
ASGR2	ENSG00000161944	0	0	0	0	0	0	
ASGR1	ENSG00000141505	0	0	0	0	0	0	
CHRNB1	ENSG00000170175	0	0	0	0	0	0	
CD68	ENSG00000129226	0	0.504064930892572	0	0	1.06873036024489	0	
GLP2R	ENSG00000065325	0	0	0	0	0	0	
ADORA2B	ENSG00000170425	0	0	0	0	0	0	
TRPV2	ENSG00000187688	0	0	0	0	0	0	
TNFRSF13B	ENSG00000240505	0	0	0	0	0	0	
GPR179	ENSG00000188888	0	0	0	0	0	0	
ERBB2	ENSG00000141736	1.07371338814802	0.504064930892572	0.543710983500672	0	1.06873036024489	0	
CCR7	ENSG00000126353	0	0	0	0	0	0	
CCR10	ENSG00000184451	0	0	0	0	0	0	
RAMP2	ENSG00000131477	0	0	0	0	0	0	
FZD2	ENSG00000180340	0	0	0	0	0	0	
CRHR1	ENSG00000120088	0	0	0	0	0	0	
NGFR	ENSG00000064300	0	0	0	0	0	0	
ITGA3	ENSG00000005884	1.07371338814802	0.283461998700604	0.543710983500672	0.669886951273271	0.670819862508329	0	
MRC2	ENSG00000011028	0	0.504064930892572	0	0	0.670819862508329	0.81256563060155	
CD79B	ENSG00000007312	0	0	0	0	0	0	
SSTR2	ENSG00000180616	0	0	0	0	0	0	
GPRC5C	ENSG00000170412	0	0.504064930892572	1.35829271473233	0	1.3526136171068	0	
GRIN2C	ENSG00000161509	0	0	0	0	0	0	
GALR2	ENSG00000182687	0	0	0	0	0	0	
GCGR	ENSG00000215644	0	0	0	0	0	0	
PTPRM	ENSG00000173482	0	0	0	0	0	0	
LDLRAD4	ENSG00000168675	0	0	0	0	0	0	
HRH4	ENSG00000134489	0	0	0	0	0	0	
CDH2	ENSG00000170558	0	0	0	0	0	0.486640310547486	
DCC	ENSG00000187323	0	0	0	0	0	0	
MC4R	ENSG00000166603	0	0	0	0	0	0	
TNFRSF11A	ENSG00000141655	0	0	0	0	0	0	
GALR1	ENSG00000166573	0	0	0	0	0	0	
SIRPB2	ENSG00000196209	0	0	0	0	0	0	
SIRPA	ENSG00000198053	0	0	0	0	0	0	
PTPRA	ENSG00000132670	0	0.504064930892572	0	0.669886951273271	0	0.486640310547486	
ADRA1D	ENSG00000171873	0	0	0	0	0	0	
CD93	ENSG00000125810	0	0	0	0	0	0	
PROCR	ENSG00000101000	0	0.504064930892572	0	0	0	0	
PTPRT	ENSG00000196090	0	0	0	0	0	0	
MMP9	ENSG00000100985	0	0	0	0	0	0	
CD40	ENSG00000101017	0.674531366780276	0.283461998700604	0.543710983500672	0	1.06873036024489	0	
NTSR1	ENSG00000101188	0	0	0	0	0	0	
OPRL1	ENSG00000125510	0	0	0	0	0	0	
KISS1R	ENSG00000116014	0	0	0	0	0	0	
GRIN3B	ENSG00000116032	0	0	0	0	0	0	
S1PR4	ENSG00000125910	0	0	0	0	0	0	
TBXA2R	ENSG00000006638	0	0	0	0	0	0	
TMIGD2	ENSG00000167664	0	0	0	0	0	0	
PTPRS	ENSG00000105426	0	0.283461998700604	0	0	0	0	
GPR108	ENSG00000125734	1.07371338814802	0.504064930892572	0	1.06747684508368	0.670819862508329	0	
INSR	ENSG00000171105	0	0	0	0	0	0	
MCOLN1	ENSG00000090674	0	0	0	0	0	0	
OR7D2	ENSG00000188000	0	0	0	0	0	0	
P2RY11	ENSG00000244165	0	0	0	0	0	0	
S1PR2	ENSG00000267534	0	0	0	0	0	0	
ICAM1	ENSG00000090339	1.07371338814802	0	0.893952493585295	0.669886951273271	0	0	
S1PR5	ENSG00000180739	0	0	0	0	0	0	
LDLR	ENSG00000130164	1.35823905100875	0	0	0	0	0	
EPOR	ENSG00000187266	0	0	0	0	0	0	
IL27RA	ENSG00000104998	0	0	0	0.669886951273271	0	0	
PTGER1	ENSG00000160951	0	0	0	0	0	0	
OR10H1	ENSG00000186723	0	0	0	0	0	0	
F2RL3	ENSG00000127533	0	0	0	0	0	0	
IL12RB1	ENSG00000096996	0	0	0	0	0	0	
LPAR2	ENSG00000064547	0	0	0	0.669886951273271	0	0	
LRP3	ENSG00000130881	0	0.283461998700604	0	0	0	0	
FFAR1	ENSG00000126266	0	0	0	0	0	0	
FFAR3	ENSG00000185897	0	0	0	0	0	0	
GPR42	ENSG00000126251	0	0	0	0	0	0	
FFAR2	ENSG00000126262	0	0	0	0	0	0	
IGFLR1	ENSG00000126246	0	0	0	0	0	0	
AXL	ENSG00000167601	0	0	0	0	1.06873036024489	0	
CD79A	ENSG00000105369	0	0	0	0	0	0	
GRIK5	ENSG00000105737	0	0	0	0	0	0	
PLAUR	ENSG00000011422	0	0	0	0	0.670819862508329	1.25486515330456	
PVR	ENSG00000073008	0	0	0	0	0	0	
GPR4	ENSG00000177464	0	0	0	0	0	0	
GIPR	ENSG00000010310	0	0	0	0	0	0	
PTGIR	ENSG00000160013	0	0	0	0	0	0	
C5AR1	ENSG00000197405	0	0	0	0	0	0	
C5AR2	ENSG00000134830	0	0	0	0	0	0	
GRIN2D	ENSG00000105464	0	0	0	0	0	0	
FCGRT	ENSG00000104870	0	1.19211142658888	1.35829271473233	0	0	0	
FPR1	ENSG00000171051	0	0	0	0	0	0	
FPR2	ENSG00000171049	0	0	0	0	0	0	
FPR3	ENSG00000187474	0	0	0	0	0	0	
LILRB3	ENSG00000204577	0	0	0	0	0	0	
LILRA6	ENSG00000244482	0	0	0	0	0	0	
LILRB2	ENSG00000131042	0	0	0	0	0	0	
LILRB5	ENSG00000105609	0	0	0	0	0	0	
LILRA5	ENSG00000187116	0	0	0	0	0	0	
LILRA4	ENSG00000239961	0	0	0	0	0	0	
LAIR1	ENSG00000167613	0	0	0	0	0	0	
LILRA2	ENSG00000239998	0	0	0	0	0	0	
LILRA1	ENSG00000104974	0	0	0	0	0	0	
LILRB1	ENSG00000104972	0	0	0	0	0	0	
KIR3DL3	ENSG00000242019	0	0	0	0	0	0	
KIR2DL3	ENSG00000243772	0	0	0	0	0	0	
KIR2DL1	ENSG00000125498	0	0	0	0	0	0	
KIR2DL4	ENSG00000189013	0	0	0	0	0	0	
KIR3DL1	ENSG00000167633	0	0	0	0	0	0	
KIR3DL2	ENSG00000240403	0	0	0	0	0	0	
FCAR	ENSG00000186431	0	0	0	0	0	0	
NCR1	ENSG00000189430	0	0	0	0	0	0	
PTPRH	ENSG00000080031	0	0	0	0	0	0	
VN1R1	ENSG00000178201	0	0	0	0	0	0	
IL17RA	ENSG00000177663	0	0	0	0	0	0	
RTN4R	ENSG00000040608	0	0	0	0	0	0	
SCARF2	ENSG00000244486	0	0	0	0	0	0	
P2RX6	ENSG00000099957	0	0	0	0	0	0	
ADORA2A	ENSG00000128271	0	0	0	0	0	0	
CSF2RB	ENSG00000100368	0	0	0	0	0	0	
IL2RB	ENSG00000100385	0	0	0	0	0	0	
SSTR3	ENSG00000183473	0	0	0	0	0	0	
MCHR1	ENSG00000128285	0	0	0	0	0	0	
PKDREJ	ENSG00000130943	0	0	0	0	0	0	
CELSR1	ENSG00000075275	0	0	0	0	0.670819862508329	0	
CXADR	ENSG00000154639	0	0.504064930892572	0.543710983500672	0.669886951273271	0	0	
APP	ENSG00000142192	0	0.504064930892572	0	0.669886951273271	0	0	
IFNAR2	ENSG00000159110	0	0.504064930892572	0.543710983500672	0	0	0	
IL10RB	ENSG00000243646	0	0.504064930892572	0.543710983500672	0.669886951273271	0.670819862508329	0.486640310547486	
IFNAR1	ENSG00000142166	0	0	0	0	0.670819862508329	0	
IFNGR2	ENSG00000159128	0	0.283461998700604	0	0	0.670819862508329	0.81256563060155	
ITGB2	ENSG00000160255	0	0	0	0	0	0	
