Gene	Gene	AAGCCTGATTCCAT_7	AGATATACTGCTCC_7	CAAATTGAATGACC_7	CACTAGGACCTTTA_7	GGGACCTGAGCATC_7	TACTTGACGGTTTG_7	TCTCCACTAAGTAG_7	TTCTAGTGGACACT_7	AAGCCAACGAATAG_8	AGGCTAACCTGTGA_8	CGGTAAACTTCGCC_8	CTGTATACTCTATC_8	GAATTAACAGCGGA_8	GAGCATACGCGAAG_8	GTTATCTGACTGTG_8	TATCCAACGCCCTT_8	GACAGTTGATGCTG_9	TCTAGACTGATGAA_9	ATTGCTTGGCCAAT_10	CTATGACTACGTTG_10	GGAGTTACTACGAC_10	TAAGATACCCTTCG_10	TACTGTTGCCACCT_10	TCCCGATGTAGCGT_10	TCCTACCTGAGCTT_10	TCGATTTGCGTCTC_10	ACTCTCCTTCTCTA_11	AGCAACACAAGCCT_11	ATTAAGACACGGAG_11	CAATAAACGCTCCT_11	CGACTCACACAGCT_11	GATAAGGATGGCAT_11	GTACTACTGTCACA_11	TACGCCACGTGCAT_11	TGCAAGACCACAAC_11	TTAGTCTGCCAAGT_11	TTGGGAACGTCGTA_11	AACAATACGCGAAG_12	AATCTAGAGGGATG_12	AATGTCCTAAGTAG_12	ACCAACGATAACCG_12	CAGATGACATTGGC_12	CTCTAAACTGACCA_12	GGAGGATGCACACA_12	GTAAGCTGTCCTTA_12	TAGTTGCTAGGAGC_12	
EPHA2	ENSG00000142627	0	0	0	0	0	0	0	0.474127658472796	0	0	0	0	0	0	0	0	0	0	0	0	0	0	0.618275346917745	0	0.543710983500672	0	0	0	0	0	0	0	0	0	0	0	0	0	0	0	0	0	0	0	0	0	
IL6R	ENSG00000160712	0	0	0	0	0	0	0	0.474127658472796	0.321663299204951	0	0.614900910200727	0	0	0	0	0	0	0	0	0	0	0	0	0	0	0	0	0.669886951273271	0	0	0.670819862508329	0.65665575103272	0	0	0	0.320260602175445	0	0	0	0	0.528925040201336	0.493351299875265	0	0	0	0	
MUC1	ENSG00000185499	0	0	0	1.91378190340962	2.35174036246296	0	0	0	0	0	0	0	0	0	0	0	0	0	0	0	0	0	0	0	1.67416152804939	0	0	2.78897021892299	0	0	2.04003537833613	0	0	0	0	0	0	0	0	0	0	0	0	0	0	0	
SELE	ENSG00000007908	0	0	0	0	0	0	0	0	0	0	0	0	0	0	0	0	0	0	0	0	0	0	0	0	0	0	0	0	0	0	0	0	0	0	0	0	0	0	0	0	0	0	0	0	0	0	
CR2	ENSG00000117322	0	0	0	0	0	0	0	0	0	0	0	0	0	0	0	0	0	0	0	0	0	0	0	0	0	0	0	0	0	0	0	0	0	0	0	0	0	0	0	0	0	0	0	0	0	0	
VIPR1	ENSG00000114812	0	0	0	0	0.504064930892572	0	0	0	0	0	0	0	0	0	0	0	0	0	0	0	0	0	0	0	0	0	0	0	0	0	0	0	0	0	0	0	0	0	0	0	0	0	0	0	0	0	
FGFR3	ENSG00000068078	0	0	0	0	0	0	0	0	0	0	0	0	0	0	0	0	0	0	0	0	0	0	0	0	0	0	0	0	0	0	0	0	0	0	0	0	0	0	0	0	0	0	0	0	0	0	
PROM1	ENSG00000007062	0	0	0	0	0	0	0	0	0	0	0	0	0	0	0	0	0	0	0	0	0	0	0	0	0	0	0	0	0	0	0	0	0	0	0	0	0	0	0	0	0	0	0	0	0	0	
KDR	ENSG00000128052	0	0	0	0	0	0	0	0	0	0	0	0	0	0	0	0	0	0	0	0	0	0	0	0	0	0	0	0	0	0	0	0	0	0	0	0	0	0	0	0	0	0	0	0	0	0	
IL6ST	ENSG00000134352	0	0	0	0.674531366780276	0	0	0	0	0	0	0	0	0	0	0	0	0	0	0	0	0.555732907601552	0	0	0	0.543710983500672	0	0	0	0	0	0	0	0	0	0	0	0	0	0	0	0	0	0	0	0	0	
PDGFRB	ENSG00000113721	0	0	0	0	0	0	0	0	0	0	0	0	0	0	0	0	0	0	0	0	0	0	0	0	0	0	0	0	0	0	0	0	0	0	0	0	0	0	0	0	0	0	0	0	0	0	
FGFR4	ENSG00000160867	0	0	0	0	0	0	0	0	0	0	0	0	0	0	0	0	0	0	0	0	0	0	0	0	0	0	0	0	0	0	0	0	0	0	0	0	0	0	0	0	0	0	0	0	0	0	
FLT4	ENSG00000037280	0	0	0	0	0	0	0	0	0	0	0	0	0	0	0	0	0	0	0	0	0	0	0	0	0	0	0	0	0	0	0	0	0	0	0	0	0	0	0	0	0	0	0	0	0	0	
EGFR	ENSG00000146648	0	0	0	0	0	0	0	0.474127658472796	0	0	0	0	0	0	0	0	0	0	0	0	0	0	0	0	0	0	0	0	0	0	0	0	0	0	0	0	0	0	0	0	0	0	0	0	0	0	
EPHB4	ENSG00000196411	0	0	0	0	0	0	0	0	0	0	0	0	0	0	0	0	0	0	0	0	0	0	0	0	0	0	0	0	0	0	0.670819862508329	0	0	0	0	0	0	0	0	0	0	0	0	0	0	0	
MET	ENSG00000105976	0	0	0	0	0	0	0	0	0	0	0	0	0	0	0	0	0	0	0	0	0	0	0	0	0.543710983500672	0	0	0	0	0	0	0	0	0	0	0	0	0	0	0	0	0	0	0	0	0	
IL13RA2	ENSG00000123496	0	0	0	0	0	0	0	0	0	0	0	0	0	0	0	0	0	0	0	0	0	0	0	0	0	0	0	0	0	0	0	0	0	0	0	0	0	0	0	0	0	0	0	0	0	0	
GPC3	ENSG00000147257	0	0	0	0.674531366780276	0.283461998700604	0	0	0	0	0	0	0	0	0	0	0	0	0	0	0	0	0	0	0	0	0	0	0	0	0	0	0	0	0	0	0	0	0	0	0	0	0	0	0	0	0	
FGFR1	ENSG00000077782	0	0	0	0	0	0	0	0	0	0	0	0	0	0	0	0	0	0	0	0	0	0	0	0	0	0	0	0	0	0.376305549957606	0	0	0	0	0	0	0	0	0	0	0	0	0	0	0	0	
SDC2	ENSG00000169439	0	0.468359506612468	0	0	0	0	0	0.794450340693889	0	0	1.26650242824608	0	0	0	0	0	0	0	0	0.558247798665998	0	0	0.618275346917745	0	0	0	0.276196335191927	0	0	0	0.670819862508329	0	0	0	0	0	0	0	0.609909867680127	1.14664425140952	0	0	0.919376805604148	0	0	0	
CD274	ENSG00000120217	0.605719431827614	0	0	0	0	0	0	0	0	0	0	0	0	0	0	0	0	0	0	0	0	0	0	0	0	0	0	0	0	0	0	0	0	0	0	0	0	0	0	0	0	0.822240043034905	0	0	0	0	
TEK	ENSG00000120156	0	0	0	0	0	0	0	0	0	0	0	0	0	0	0	0	0	0	0	0	0	0	0	0	0	0	0	0	0	0	0	0	0	0	0	0	0	0	0	0	0	0	0	0	0	0	
IL11RA	ENSG00000137070	0	0	0	0	0	0	0	0	0	0	0	0	0	0	0	0	0	0	0	0	0	0	0	0	0	0	0	0	0	0	0	0	0	0	0	0	0	0	0	0	0	0	0	0	0	0	
CD44	ENSG00000026508	0.605719431827614	1.52262201975748	0.747565451472245	0	0	1.2738097372393	0	1.53464376665153	0	0.916418250842774	2.05358340983669	1.0633629485351	0.843808382164073	1.49923477230049	0.647972044175412	1.19261376821465	0	0.755646154988159	1.30774933232447	0	2.21652593301975	0.691949336535706	0.997483398820606	0.50535284207251	0.543710983500672	1.30271955289226	0	0.669886951273271	0.549639082141963	0.376305549957606	1.06873036024489	0.65665575103272	1.37500152194055	0.827350131123534	1.41929546781669	0.562453692807471	0.992487409305821	1.57041705743094	0.986014927061541	1.66680549776879	0	0	1.39015046747346	0.603289789741291	1.41659271869206	0.670446374790753	
PTPRJ	ENSG00000149177	0	0	0	0	0	0	0	0.474127658472796	0	0	0	0	0	0	0	0	0	0	0	0	0	0	0	0	0	0	0	0	0	0	0	0	0	0	0	0	0	0	0	0.53992074001544	0	0	0	0	0	0	
FOLH1	ENSG00000086205	0	0	0	0	0	0	0	0	0	0	0	0	0	0	0	0	0	0	0	0	0	0	0	0	0	0	0	0	0	0	0	0	0	0	0	0	0	0	0	0	0	0	0	0	0	0	
IL10RA	ENSG00000110324	0	0	0	0	0	0	0.625099833017914	0	0	0	0	0.666827344113981	0	0.528067430200497	0.647972044175412	0	0	0.447562044554333	0	0	0.555732907601552	0	0	0.284265095413139	0	0	0	0	0	0	0	0	0.553178360995214	0	0	0	0.614627917791824	0.566296650926255	0	0	0.528925040201336	0	0	0.346466081056145	0	0	
MCAM	ENSG00000076706	0	0	0	0	0	0	0	0	0	0	0	0	0	0	0	0	0	0	0	0	0	0	0	0	0	0	0	0.669886951273271	0	0	0	0	0	0	0	0	0	0	0.986014927061541	0	0	0	0	0	0	0	
NRP1	ENSG00000099250	0	0	0	0	0	0	0	0	0	0	0	0	0	0	0	0	0	0	0	0	0	0	0	0	0	0	0	0	0	0	0	0	0.553178360995214	0	0	0	0	0	0	0	0	0	0	0	0	0	
FGFR2	ENSG00000066468	0	0	0	0	0	0	0	0	0	0	0	0	0	0	0	0	0	0	0	0	0	0	0	0	0.543710983500672	0	0	0	0	0	0	0	0	0	0.486640310547486	0	0	0	0	0	0	0	0	0	0	0	
FLT1	ENSG00000102755	0	0	0	0	0	0	0	0	0	0	0	0	0	0	0	0	0	0	0	0	0	0	0	0	0	0.63821377695254	0	0	0	0	0	0	0	0	3.47636877674287	0	0	0	0	0	0	0	0	0	0	0	
ANPEP	ENSG00000166825	0	0	0	0	0	0	0	0.474127658472796	0	0	0	1.0633629485351	0	0	0	0	0	0	0	0	0	0	0.618275346917745	0	0	0	0	0	0	0	0	0	0.553178360995214	0	0	0	0	0	0	0	0	0	0	0	0	0	
CDH1	ENSG00000039068	0	0	0	0.674531366780276	0	0	0	0	0	0	0	0	0	0	0	0	0	0	0	0	0	0.40466670487214	0	0	0	0	0	0	0	0	0	0	0	0	0	0	0	0	0	0	0	0	0	0	0	0	
ERBB2	ENSG00000141736	0	0	0	1.07371338814802	0.504064930892572	0	0	0	0	0	0	0	0	0	0	0	0	0	0	0	0	0	0	0	0.543710983500672	0	0	0	0	0	1.06873036024489	0	0	0	0	0	0	0	0	0	0	0	0	0	0	0	
CDH2	ENSG00000170558	0	0	0	0	0	0	0	0	0	0	0	0	0	0	0	0	0	0	0	0	0	0	0	0	0	0	0	0	0	0	0	0	0	0	0.486640310547486	0	0	0	0	0	0	0	0	0	0	0	
CD93	ENSG00000125810	0	0	0	0	0	0	0	0	0	0	0	0	0	0	0	0	0	0	0	0	0	0	0	0	0	0	0	0	0	0	0	0	0.553178360995214	0	0	0	0	0	0	0	0	0	0	0	0	0	
MMP9	ENSG00000100985	0	0	0	0	0	0.619580355387026	0	0	0	0	0	0	0	0	0	0	0	0	0	0	0	0	0	0	0	0	0	0	0	0	0	0	0	0	0	0	0	0	0	0	0	0	0	0	0	0	
APP	ENSG00000142192	0	0	0	0	0.504064930892572	0	0	0	0	0	0	0	0	0	0	0	0	0	0	1.17644423641396	0	0	0	0	0	0	0	0.669886951273271	0.312116445155522	0	0	0	0	0.496904104791788	0	0	0	0	0	0.53992074001544	0	0	0	0.346466081056145	0	0	
